Age,Attrition,BusinessTravel,DailyRate,Department,DistanceFromHome,Education,EducationField,EmployeeCount,EmployeeNumber,EnvironmentSatisfaction,Gender,HourlyRate,JobInvolvement,JobLevel,JobRole,JobSatisfaction,MaritalStatus,MonthlyIncome,MonthlyRate,NumCompaniesWorked,Over18,OverTime,PercentSalaryHike,PerformanceRating,RelationshipSatisfaction,StandardHours,StockOptionLevel,TotalWorkingYears,TrainingTimesLastYear,WorkLifeBalance,YearsAtCompany,YearsInCurrentRole,YearsSinceLastPromotion,YearsWithCurrManager
40,No,Travel_Rarely,1124,Sales,1,2,Medical,1,453,2,Male,57,1,2,Sales Executive,4,Married,7457,13273,2,Y,Yes,22,4,3,80,3,6,2,2,4,3,0,2
27,No,Travel_Rarely,1469,Research & Development,1,2,Medical,1,497,4,Male,82,3,1,Laboratory Technician,2,Divorced,3816,17881,1,Y,No,11,3,2,80,1,5,2,3,5,2,0,4
27,Yes,Travel_Rarely,135,Research & Development,17,4,Life Sciences,1,1405,4,Female,51,3,1,Research Scientist,3,Single,2394,25681,1,Y,Yes,13,3,4,80,0,8,2,3,8,2,7,7
41,Yes,Travel_Frequently,143,Sales,4,3,Marketing,1,488,1,Male,56,3,2,Sales Executive,2,Single,9355,9558,1,Y,No,18,3,3,80,0,8,5,3,8,7,7,7
36,No,Travel_Frequently,1480,Research & Development,3,2,Medical,1,238,4,Male,30,3,1,Laboratory Technician,2,Single,2088,15062,4,Y,No,12,3,3,80,0,13,3,2,8,7,7,2
37,No,Travel_Rarely,1017,Research & Development,1,2,Medical,1,340,3,Female,83,2,1,Research Scientist,1,Married,3920,18697,2,Y,No,14,3,1,80,1,17,2,2,3,1,0,2
24,No,Travel_Rarely,1127,Research & Development,18,1,Life Sciences,1,150,2,Male,52,3,1,Laboratory Technician,3,Married,2774,13257,0,Y,No,12,3,3,80,1,6,2,3,5,3,1,2
50,No,Travel_Frequently,1246,Human Resources,3,3,Medical,1,644,1,Male,99,3,5,Manager,2,Married,18200,7999,1,Y,No,11,3,3,80,1,32,2,3,32,5,10,7
28,No,Travel_Rarely,1158,Research & Development,9,3,Medical,1,377,4,Male,94,3,1,Research Scientist,4,Married,2070,2613,1,Y,No,23,4,4,80,1,5,3,2,5,2,0,4
25,No,Travel_Rarely,1356,Sales,10,4,Life Sciences,1,1240,3,Male,57,3,2,Sales Executive,4,Single,4950,20623,0,Y,No,14,3,2,80,0,5,4,3,4,3,1,1
47,No,Travel_Rarely,202,Research & Development,2,2,Other,1,820,3,Female,33,3,4,Manager,4,Married,16752,12982,1,Y,Yes,11,3,3,80,1,26,3,2,26,14,3,0
37,No,Non-Travel,1413,Research & Development,5,2,Technical Degree,1,1440,3,Male,84,4,1,Laboratory Technician,3,Single,3500,25470,0,Y,No,14,3,1,80,0,7,2,1,6,5,1,3
48,No,Travel_Rarely,277,Research & Development,6,3,Life Sciences,1,1022,1,Male,97,2,2,Healthcare Representative,3,Single,4240,13119,2,Y,No,13,3,4,80,0,19,0,3,2,2,2,2
36,No,Non-Travel,635,Sales,10,4,Medical,1,592,2,Male,32,3,3,Sales Executive,4,Single,9980,15318,1,Y,No,14,3,4,80,0,10,3,2,10,3,9,7
38,No,Travel_Rarely,201,Research & Development,10,3,Medical,1,2015,2,Female,99,1,3,Research Director,3,Married,13206,3376,3,Y,No,12,3,1,80,1,20,3,3,18,16,1,11
58,No,Travel_Rarely,1055,Research & Development,1,3,Medical,1,1423,4,Female,76,3,5,Research Director,1,Married,19701,22456,3,Y,Yes,21,4,3,80,1,32,3,3,9,8,1,5
31,No,Travel_Rarely,106,Human Resources,2,3,Human Resources,1,424,1,Male,62,2,2,Human Resources,1,Married,6410,17822,3,Y,No,12,3,4,80,0,9,1,3,2,2,1,0
19,Yes,Travel_Frequently,602,Sales,1,1,Technical Degree,1,235,3,Female,100,1,1,Sales Representative,1,Single,2325,20989,0,Y,No,21,4,1,80,0,1,5,4,0,0,0,0
58,No,Non-Travel,390,Research & Development,1,4,Life Sciences,1,422,4,Male,32,1,2,Healthcare Representative,3,Divorced,5660,17056,2,Y,Yes,13,3,4,80,1,12,2,3,5,3,1,2
19,No,Travel_Rarely,645,Research & Development,9,2,Life Sciences,1,1193,3,Male,54,3,1,Research Scientist,1,Single,2552,7172,1,Y,No,25,4,3,80,0,1,4,3,1,1,0,0
59,No,Travel_Rarely,818,Human Resources,6,2,Medical,1,321,2,child,52,3,1,Human Resources,3,Married,2267,25657,8,Y,No,17,3,4,80,0,7,2,2,2,2,2,2
27,No,Non-Travel,1277,Research & Development,8,5,Life Sciences,1,1094,1,Male,87,1,1,Laboratory Technician,3,Married,4621,5869,1,Y,No,19,3,4,80,3,3,4,3,3,2,1,2
31,No,Travel_Frequently,853,Research & Development,1,1,Life Sciences,1,1011,3,Female,96,3,2,Manufacturing Director,1,Married,4148,11275,1,Y,No,12,3,3,80,1,4,1,3,4,3,0,3
36,No,Travel_Rarely,1425,Research & Development,14,1,Life Sciences,1,924,3,Male,68,3,2,Healthcare Representative,4,Married,6586,4821,0,Y,Yes,17,3,1,80,1,17,2,2,16,8,4,11
37,No,Travel_Rarely,1225,Research & Development,10,2,Life Sciences,1,715,4,Male,80,4,1,Research Scientist,4,Single,4680,15232,3,Y,No,17,3,1,80,0,4,2,3,1,0,0,0
33,No,Travel_Rarely,147,Human Resources,2,3,Human Resources,1,1207,2,Male,99,3,1,Human Resources,3,Married,3600,8429,1,Y,No,13,3,4,80,1,5,2,3,5,4,1,4
53,No,Travel_Rarely,102,Research & Development,23,4,Life Sciences,1,901,4,Female,72,3,4,Research Director,4,Single,14275,20206,6,Y,No,18,3,3,80,0,33,0,3,12,9,3,8
25,No,Travel_Rarely,309,Human Resources,2,3,Human Resources,1,1987,3,Female,82,3,1,Human Resources,2,Married,2187,19655,4,Y,No,14,3,3,80,0,6,3,3,2,0,1,2
24,No,Travel_Frequently,535,Sales,24,3,Medical,1,632,4,Male,38,3,1,Sales Representative,4,Married,2400,5530,0,Y,No,13,3,3,80,2,3,3,3,2,2,2,1
50,No,Travel_Rarely,989,Research & Development,7,2,Medical,1,80,2,Female,43,2,5,Research Director,3,Divorced,18740,16701,5,Y,Yes,12,3,4,80,1,29,2,2,27,3,13,8
20,Yes,Travel_Frequently,871,Research & Development,6,3,Life Sciences,1,137,4,Female,66,2,1,Laboratory Technician,4,Single,2926,19783,1,Y,Yes,18,3,2,80,0,1,5,3,1,0,1,0
39,No,Travel_Rarely,466,Research & Development,1,1,Life Sciences,1,1026,4,child,65,2,4,Manufacturing Director,4,Married,12742,7060,1,Y,No,16,3,3,80,1,21,3,3,21,6,11,8
58,No,Non-Travel,350,Sales,2,3,Medical,1,1824,2,Male,52,3,4,Manager,2,Divorced,16291,22577,4,Y,No,22,4,4,80,1,37,0,2,16,9,14,14
29,Yes,Travel_Rarely,350,Human Resources,13,3,Human Resources,1,1844,1,Male,56,2,1,Human Resources,1,Divorced,2335,3157,4,Y,Yes,15,3,4,80,3,4,3,3,2,2,2,0
51,No,Travel_Rarely,1469,Research & Development,8,4,Life Sciences,1,296,2,Male,81,2,3,Research Director,2,Married,12490,15736,5,Y,No,16,3,4,80,2,16,5,1,10,9,4,7
35,No,Travel_Frequently,138,Research & Development,2,3,Medical,1,269,2,Female,37,3,2,Laboratory Technician,2,Single,4425,15986,5,Y,No,11,3,4,80,0,10,5,3,6,2,1,2
28,No,Travel_Rarely,580,Research & Development,27,3,Medical,1,1622,2,Female,39,1,2,Manufacturing Director,1,Divorced,4877,20460,0,Y,No,21,4,2,80,1,6,5,2,5,3,0,0
38,No,Travel_Rarely,119,Sales,3,3,Life Sciences,1,307,1,Male,76,3,3,Sales Executive,3,Divorced,10609,9647,0,Y,No,12,3,3,80,2,17,6,2,16,10,5,13
38,No,Travel_Frequently,1490,Research & Development,2,2,Life Sciences,1,556,4,Male,42,3,1,Laboratory Technician,4,Married,1702,12106,1,Y,Yes,23,4,3,80,1,1,3,3,1,0,0,0
50,No,Travel_Frequently,1234,Research & Development,20,5,Medical,1,1606,2,Male,41,3,4,Healthcare Representative,3,Married,11245,20689,2,Y,Yes,15,3,3,80,1,32,3,3,30,8,12,13
35,No,Non-Travel,208,Research & Development,8,4,Life Sciences,1,1630,3,Female,52,3,2,Healthcare Representative,3,Married,4148,12250,1,Y,No,12,3,4,80,1,15,5,3,14,11,2,9
49,No,Travel_Rarely,470,Research & Development,20,4,Medical,1,170,3,Female,96,3,2,Manufacturing Director,1,Married,6567,5549,1,Y,No,14,3,3,80,0,16,2,2,15,11,5,11
40,No,Travel_Rarely,1322,Research & Development,2,4,Life Sciences,1,2048,3,Male,52,2,1,Research Scientist,3,Single,2809,2725,2,Y,No,14,3,4,80,0,8,2,3,2,2,2,2
37,No,Non-Travel,1252,Sales,19,2,Medical,1,904,1,Male,32,3,3,Sales Executive,2,Single,7642,4814,1,Y,Yes,13,3,4,80,0,10,2,3,10,0,0,9
38,No,Travel_Rarely,371,Research & Development,2,3,Life Sciences,1,24,4,Male,45,3,1,Research Scientist,4,Single,3944,4306,5,Y,Yes,11,3,3,80,0,6,3,3,3,2,1,2
40,No,Travel_Rarely,302,Research & Development,6,3,Life Sciences,1,601,2,Female,75,3,4,Manufacturing Director,3,Single,13237,20364,7,Y,No,15,3,3,80,0,22,3,3,20,6,5,13
31,No,Travel_Rarely,691,Sales,7,3,Marketing,1,438,4,Male,73,3,2,Sales Executive,4,Divorced,7547,7143,4,Y,No,12,3,4,80,3,13,3,3,7,7,1,7
34,No,Travel_Frequently,303,Sales,2,4,Marketing,1,216,3,Female,75,3,1,Sales Representative,3,Married,2231,11314,6,Y,No,18,3,4,80,1,6,3,3,4,3,1,2
25,Yes,Travel_Rarely,1219,Research & Development,4,1,Technical Degree,1,1106,4,Male,32,3,1,Laboratory Technician,4,Married,3691,4605,1,Y,Yes,15,3,2,80,1,7,3,4,7,7,5,6
43,No,Travel_Rarely,1179,Sales,2,3,Medical,1,1706,4,Male,73,3,2,Sales Executive,4,Married,7847,6069,1,Y,Yes,17,3,1,80,1,10,3,3,10,9,8,8
31,No,Travel_Rarely,616,Research & Development,12,3,Medical,1,961,4,Female,41,3,2,Healthcare Representative,4,Married,5855,17369,0,Y,Yes,11,3,3,80,2,10,2,1,9,7,8,5
26,No,Travel_Rarely,482,Research & Development,1,2,Life Sciences,1,1893,2,Female,90,2,1,Research Scientist,3,Married,2933,14908,1,Y,Yes,13,3,3,80,1,1,3,2,1,0,1,0
39,No,Travel_Rarely,1383,Human Resources,2,3,Life Sciences,1,909,4,Female,42,2,2,Human Resources,4,Married,5204,7790,8,Y,No,11,3,3,80,2,13,2,3,5,4,0,4
46,No,Travel_Rarely,1450,Research & Development,15,2,Life Sciences,1,1217,4,child,52,3,5,Research Director,2,Married,19081,10849,5,Y,No,11,3,1,80,1,25,2,3,4,2,0,3
37,No,Travel_Rarely,674,Research & Development,13,3,Medical,1,1543,1,child,47,3,2,Research Scientist,4,Married,4285,3031,1,Y,No,17,3,1,80,0,10,2,3,10,8,3,7
33,Yes,Travel_Frequently,1076,Research & Development,3,3,Life Sciences,1,702,1,Male,70,3,1,Research Scientist,1,Single,3348,3164,1,Y,Yes,11,3,1,80,0,10,3,3,10,8,9,7
34,No,Travel_Rarely,1239,Sales,13,4,Medical,1,1951,4,Male,39,3,3,Sales Executive,3,Divorced,8628,22914,1,Y,No,18,3,3,80,1,9,2,2,8,7,1,1
40,No,Travel_Rarely,300,Sales,26,3,Marketing,1,1066,3,Male,74,3,2,Sales Executive,1,Married,8396,22217,1,Y,No,14,3,2,80,1,8,3,2,7,7,7,5
50,No,Travel_Frequently,809,Sales,12,3,Marketing,1,174,3,Female,77,3,3,Sales Executive,4,Single,9208,6645,4,Y,No,11,3,4,80,0,16,3,3,2,2,2,1
37,No,Travel_Rarely,1462,Research & Development,11,3,Medical,1,1411,1,Female,94,3,1,Laboratory Technician,3,Single,3629,19106,4,Y,No,18,3,1,80,0,8,6,3,3,2,0,2
42,No,Travel_Rarely,201,Research & Development,1,4,Life Sciences,1,517,2,Female,95,3,1,Laboratory Technician,1,Divorced,2576,20490,3,Y,No,16,3,2,80,1,8,5,3,5,2,1,2
35,No,Travel_Rarely,619,Sales,1,3,Marketing,1,600,2,Male,85,3,2,Sales Executive,3,Married,4717,18659,9,Y,No,11,3,3,80,0,15,2,3,11,9,6,9
49,Yes,Travel_Rarely,1184,Sales,11,3,Marketing,1,840,3,Female,43,3,3,Sales Executive,4,Married,7654,5860,1,Y,No,18,3,1,80,2,9,3,4,9,8,7,7
29,No,Travel_Rarely,991,Sales,5,3,Medical,1,1669,1,child,43,2,2,Sales Executive,2,Divorced,4187,3356,1,Y,Yes,13,3,2,80,1,10,3,2,10,0,0,9
33,Yes,Travel_Rarely,527,Research & Development,1,4,Other,1,780,4,Male,63,3,1,Research Scientist,4,Single,2686,5207,1,Y,Yes,13,3,3,80,0,10,2,2,10,9,7,8
46,No,Travel_Rarely,1402,Sales,2,3,Marketing,1,1204,3,child,69,3,4,Manager,1,Married,17048,24097,8,Y,No,23,4,1,80,0,28,2,3,26,15,15,9
39,No,Travel_Rarely,1089,Research & Development,6,3,Life Sciences,1,1525,2,Female,32,3,3,Manufacturing Director,2,Single,8376,9150,4,Y,No,18,3,4,80,0,9,3,3,2,0,2,2
37,No,Travel_Rarely,1319,Research & Development,6,3,Medical,1,474,3,Male,51,4,2,Research Scientist,1,Divorced,5974,17001,4,Y,Yes,13,3,1,80,2,13,2,3,7,7,6,7
32,No,Non-Travel,1200,Research & Development,1,4,Technical Degree,1,1574,4,Male,62,3,2,Research Scientist,1,Married,4087,25174,4,Y,No,14,3,2,80,1,9,3,2,6,5,1,2
26,No,Travel_Rarely,1167,Sales,5,3,Other,1,2060,4,Female,30,2,1,Sales Representative,3,Single,2966,21378,0,Y,No,18,3,4,80,0,5,2,3,4,2,0,0
26,No,Non-Travel,786,Research & Development,7,3,Medical,1,1693,4,Male,76,3,1,Laboratory Technician,4,Single,2570,11925,1,Y,No,20,4,3,80,0,7,5,3,7,7,5,7
31,No,Travel_Rarely,1154,Sales,2,2,Life Sciences,1,1996,1,Male,54,3,1,Sales Representative,3,Married,3067,6393,0,Y,No,19,3,3,80,1,3,1,3,2,2,1,2
35,No,Travel_Rarely,882,Sales,3,4,Life Sciences,1,984,4,Male,92,3,3,Sales Executive,4,Divorced,7823,6812,6,Y,No,13,3,2,80,1,12,2,3,10,9,0,8
37,No,Travel_Rarely,482,Research & Development,3,3,Other,1,689,3,Male,36,3,3,Manufacturing Director,3,Married,9434,9606,1,Y,No,15,3,3,80,1,10,2,3,10,7,7,8
33,No,Travel_Frequently,1146,Sales,25,3,Medical,1,1220,2,Female,82,3,2,Sales Executive,3,Married,4539,4905,1,Y,No,12,3,1,80,1,10,3,2,10,7,0,1
30,No,Travel_Rarely,330,Human Resources,1,3,Life Sciences,1,1499,3,Male,46,3,1,Human Resources,3,Divorced,2064,15428,0,Y,No,21,4,1,80,1,6,3,4,5,3,1,3
38,No,Travel_Rarely,1009,Sales,2,2,Life Sciences,1,1355,2,Female,31,3,2,Sales Executive,1,Divorced,6893,19461,3,Y,No,15,3,4,80,1,11,3,3,7,7,1,7
29,No,Travel_Rarely,1389,Research & Development,21,4,Life Sciences,1,20,2,Female,51,4,3,Manufacturing Director,1,Divorced,9980,10195,1,Y,No,11,3,3,80,1,10,1,3,10,9,8,8
58,Yes,Travel_Rarely,147,Research & Development,23,4,Medical,1,165,4,Female,94,3,3,Healthcare Representative,4,Married,10312,3465,1,Y,No,12,3,4,80,1,40,3,2,40,10,15,6
33,No,Travel_Frequently,1111,Sales,5,1,Life Sciences,1,1395,2,Male,61,3,2,Sales Executive,4,Married,9998,19293,6,Y,No,13,3,1,80,0,8,2,4,5,4,1,2
34,No,Travel_Rarely,629,Research & Development,27,2,Medical,1,247,4,child,95,3,1,Research Scientist,2,Single,2311,5711,2,Y,No,15,3,4,80,0,9,3,3,3,2,1,2
29,No,Travel_Frequently,461,Research & Development,1,3,Life Sciences,1,1753,4,Male,70,4,2,Healthcare Representative,3,Single,6294,23060,8,Y,Yes,12,3,4,80,0,10,5,4,3,2,0,2
59,No,Travel_Rarely,715,Research & Development,2,3,Life Sciences,1,1032,3,Female,69,2,4,Manufacturing Director,4,Single,13726,21829,3,Y,Yes,13,3,1,80,0,30,4,3,5,3,4,3
30,No,Non-Travel,1116,Research & Development,2,3,Medical,1,571,3,Female,49,3,1,Laboratory Technician,4,Single,2564,7181,0,Y,No,14,3,3,80,0,12,2,2,11,7,6,7
30,No,Travel_Rarely,1176,Research & Development,20,3,Other,1,1084,3,Male,85,3,2,Manufacturing Director,1,Married,9957,9096,0,Y,No,15,3,3,80,1,7,1,2,6,2,0,2
39,No,Travel_Rarely,408,Research & Development,2,4,Technical Degree,1,721,4,Female,80,2,2,Healthcare Representative,3,Single,4553,20978,1,Y,No,11,3,1,80,0,20,4,3,20,7,11,10
18,Yes,Non-Travel,247,Research & Development,8,1,Medical,1,1156,3,Male,80,3,1,Laboratory Technician,3,Single,1904,13556,1,Y,No,12,3,4,80,0,0,0,3,0,0,0,0
33,No,Travel_Rarely,461,Research & Development,13,1,Life Sciences,1,995,2,Female,53,3,1,Research Scientist,4,Single,3452,17241,3,Y,No,18,3,1,80,0,5,4,3,3,2,0,2
30,No,Travel_Rarely,413,Sales,7,1,Marketing,1,585,4,Male,57,3,1,Sales Representative,2,Single,2983,18398,0,Y,No,14,3,1,80,0,4,3,3,3,2,1,2
32,No,Travel_Frequently,1316,Research & Development,2,2,Life Sciences,1,1235,4,child,38,3,2,Research Scientist,3,Single,4998,2338,4,Y,Yes,14,3,4,80,0,10,2,3,8,7,0,7
48,Yes,Travel_Rarely,626,Research & Development,1,2,Life Sciences,1,64,1,Male,98,2,3,Laboratory Technician,3,Single,5381,19294,9,Y,Yes,13,3,4,80,0,23,2,3,1,0,0,0
28,No,Travel_Rarely,1083,Research & Development,29,1,Life Sciences,1,1514,3,Male,96,1,2,Manufacturing Director,2,Married,6549,3173,1,Y,No,14,3,2,80,2,8,2,2,8,6,1,7
29,No,Travel_Rarely,1252,Research & Development,23,2,Life Sciences,1,824,3,Male,81,4,1,Research Scientist,3,Married,2700,23779,1,Y,No,24,4,3,80,1,10,3,3,10,7,0,7
41,No,Travel_Rarely,896,Sales,6,3,Life Sciences,1,298,4,Female,75,3,3,Manager,4,Single,13591,14674,3,Y,Yes,18,3,3,80,0,16,3,3,1,0,0,0
46,Yes,Travel_Rarely,377,Sales,9,3,Marketing,1,1457,1,Male,52,3,3,Sales Executive,4,Divorced,10096,15986,4,Y,No,11,3,1,80,1,28,1,4,7,7,4,3
55,No,Travel_Rarely,836,Research & Development,2,4,Technical Degree,1,1873,2,Male,98,2,1,Research Scientist,4,Married,2662,7975,8,Y,No,20,4,2,80,1,19,2,4,5,2,0,4
34,No,Travel_Rarely,829,Human Resources,3,2,Human Resources,1,847,3,Male,88,3,1,Human Resources,4,Married,3737,2243,0,Y,No,19,3,3,80,1,4,1,1,3,2,0,2
35,No,Travel_Rarely,144,Research & Development,22,3,Life Sciences,1,577,4,Male,46,1,1,Laboratory Technician,3,Single,4230,19225,0,Y,No,15,3,3,80,0,6,2,3,5,4,4,3
32,No,Travel_Frequently,1318,Sales,10,4,Marketing,1,1853,4,Male,79,3,2,Sales Executive,4,Single,4648,26075,8,Y,No,13,3,3,80,0,4,2,4,0,0,0,0
46,No,Travel_Rarely,150,Research & Development,2,4,Technical Degree,1,1228,4,child,60,3,2,Manufacturing Director,4,Divorced,7379,17433,2,Y,No,11,3,3,80,1,12,3,2,6,3,1,4
33,No,Travel_Rarely,1242,Sales,8,4,Life Sciences,1,1560,1,Male,46,3,2,Sales Executive,1,Married,6392,10589,2,Y,No,13,3,4,80,1,8,6,1,2,2,2,2
22,No,Travel_Rarely,594,Research & Development,2,1,Technical Degree,1,169,3,Male,100,3,1,Laboratory Technician,4,Married,2523,19299,0,Y,No,14,3,3,80,1,3,2,3,2,1,2,1
34,No,Travel_Frequently,135,Research & Development,19,3,Medical,1,1285,3,Female,46,3,2,Laboratory Technician,2,Divorced,4444,22534,4,Y,No,13,3,3,80,2,15,2,4,11,8,5,10
30,No,Travel_Rarely,288,Research & Development,2,3,Life Sciences,1,117,3,Male,99,2,2,Healthcare Representative,4,Married,4152,15830,1,Y,No,19,3,1,80,3,11,3,3,11,10,10,8
34,No,Travel_Rarely,204,Sales,14,3,Technical Degree,1,666,3,Female,31,3,1,Sales Representative,3,Divorced,2579,2912,1,Y,Yes,18,3,4,80,2,8,3,3,8,2,0,6
59,No,Travel_Rarely,1435,Sales,25,3,Life Sciences,1,81,1,child,99,3,3,Sales Executive,1,Single,7637,2354,7,Y,No,11,3,4,80,0,28,3,2,21,16,7,9
29,No,Travel_Rarely,694,Research & Development,1,3,Life Sciences,1,1264,4,Female,87,2,4,Research Director,4,Divorced,16124,3423,3,Y,No,14,3,2,80,2,9,2,2,7,7,1,7
57,No,Travel_Rarely,593,Research & Development,1,4,Medical,1,482,4,Male,88,3,2,Healthcare Representative,3,Married,6755,2967,2,Y,No,11,3,3,80,0,15,2,3,3,2,1,2
56,No,Travel_Rarely,713,Research & Development,8,3,Life Sciences,1,241,3,Female,67,3,1,Research Scientist,1,Divorced,4257,13939,4,Y,Yes,18,3,3,80,1,19,3,3,2,2,2,2
52,No,Non-Travel,771,Sales,2,4,Life Sciences,1,329,1,Male,79,2,5,Manager,3,Single,19068,21030,1,Y,Yes,18,3,4,80,0,33,2,4,33,7,15,12
27,No,Travel_Rarely,1103,Research & Development,14,3,Life Sciences,1,1244,1,Male,42,3,1,Research Scientist,1,Married,2235,14377,1,Y,Yes,14,3,4,80,2,9,3,2,9,7,6,8
45,No,Travel_Rarely,930,Sales,9,3,Marketing,1,864,4,Male,74,3,3,Sales Executive,1,Divorced,10761,19239,4,Y,Yes,12,3,3,80,1,18,2,3,5,4,0,2
34,No,Travel_Rarely,285,Research & Development,29,3,Medical,1,1377,2,child,86,3,2,Laboratory Technician,3,Married,5429,17491,4,Y,No,13,3,1,80,2,10,1,3,8,7,7,7
21,No,Travel_Rarely,984,Research & Development,1,1,Technical Degree,1,1131,4,Female,70,2,1,Research Scientist,2,Single,2070,25326,1,Y,Yes,11,3,3,80,0,2,6,4,2,2,2,2
46,No,Travel_Rarely,430,Research & Development,1,4,Medical,1,1069,4,Male,40,3,5,Research Director,4,Divorced,19627,21445,9,Y,No,17,3,4,80,2,23,0,3,2,2,2,2
39,No,Travel_Rarely,524,Research & Development,18,2,Life Sciences,1,1322,1,Male,32,3,2,Manufacturing Director,3,Single,4534,13352,0,Y,No,11,3,1,80,0,9,6,3,8,7,1,7
26,No,Travel_Rarely,583,Research & Development,4,2,Life Sciences,1,1275,3,child,53,3,1,Research Scientist,4,Single,2875,9973,1,Y,Yes,20,4,2,80,0,8,2,2,8,5,2,2
31,No,Travel_Rarely,1332,Research & Development,11,2,Medical,1,1251,3,Male,80,3,2,Healthcare Representative,1,Married,6833,17089,1,Y,Yes,12,3,4,80,0,6,2,2,6,5,0,1
38,No,Travel_Rarely,345,Sales,10,2,Life Sciences,1,2041,1,Female,100,3,2,Sales Executive,4,Married,5343,5982,1,Y,No,11,3,3,80,1,10,1,3,10,7,1,9
36,Yes,Travel_Rarely,885,Research & Development,16,4,Life Sciences,1,1042,3,Female,43,4,1,Laboratory Technician,1,Single,2743,8269,1,Y,No,16,3,3,80,0,18,1,3,17,13,15,14
48,No,Travel_Rarely,530,Sales,29,1,Medical,1,473,1,Female,91,3,3,Manager,3,Married,12504,23978,3,Y,No,21,4,2,80,1,15,3,1,0,0,0,0
46,No,Travel_Rarely,406,Sales,3,1,Marketing,1,1124,1,Male,52,3,4,Manager,3,Married,17465,15596,3,Y,No,12,3,4,80,1,23,3,3,12,9,4,9
52,No,Travel_Rarely,319,Research & Development,3,3,Medical,1,543,4,Male,39,2,3,Manufacturing Director,3,Married,7969,19609,2,Y,Yes,14,3,3,80,0,28,4,3,5,4,0,4
21,No,Travel_Rarely,1343,Sales,22,1,Technical Degree,1,669,3,Male,49,3,1,Sales Representative,3,Single,3447,24444,1,Y,No,11,3,3,80,0,3,2,3,3,2,1,2
50,No,Travel_Rarely,1099,Research & Development,29,4,Life Sciences,1,569,2,Male,88,2,4,Manager,3,Married,17046,9314,0,Y,No,15,3,2,80,1,28,2,3,27,10,15,7
36,No,Non-Travel,427,Research & Development,8,3,Life Sciences,1,742,1,Female,63,4,3,Research Director,1,Married,11713,20335,9,Y,No,14,3,1,80,1,10,2,3,8,7,0,5
38,No,Travel_Rarely,1035,Sales,3,4,Life Sciences,1,1036,2,Male,42,3,2,Sales Executive,4,Single,6861,4981,8,Y,Yes,12,3,3,80,0,19,1,3,1,0,0,0
43,No,Travel_Rarely,1273,Research & Development,2,2,Medical,1,46,4,Female,72,4,1,Research Scientist,3,Divorced,2645,21923,1,Y,No,12,3,4,80,2,6,3,2,5,3,1,4
24,Yes,Travel_Frequently,381,Research & Development,9,3,Medical,1,1494,2,Male,89,3,1,Laboratory Technician,1,Single,3172,16998,2,Y,Yes,11,3,3,80,0,4,2,2,0,0,0,0
40,No,Travel_Rarely,1492,Research & Development,20,4,Technical Degree,1,1092,1,Male,61,3,3,Healthcare Representative,4,Married,10322,26542,4,Y,No,20,4,4,80,1,14,6,3,11,10,11,1
27,No,Travel_Rarely,1157,Research & Development,17,3,Technical Degree,1,233,3,Male,51,3,1,Research Scientist,2,Married,3058,13364,0,Y,Yes,16,3,4,80,1,6,3,2,5,2,1,1
29,No,Travel_Rarely,352,Human Resources,6,1,Medical,1,1865,4,Male,87,2,1,Human Resources,2,Married,2804,15434,1,Y,No,11,3,4,80,0,1,3,3,1,0,0,0
33,No,Travel_Rarely,867,Research & Development,8,4,Life Sciences,1,1798,4,Male,90,4,1,Research Scientist,1,Married,3143,6076,6,Y,No,19,3,2,80,1,14,1,3,10,8,7,6
34,No,Travel_Rarely,1157,Research & Development,5,2,Medical,1,1696,2,Male,57,2,2,Laboratory Technician,4,Married,3986,11912,1,Y,No,14,3,3,80,1,15,3,4,15,10,4,13
50,No,Travel_Rarely,797,Research & Development,4,1,Life Sciences,1,385,1,Male,96,3,5,Research Director,2,Divorced,19144,15815,3,Y,No,14,3,1,80,2,28,4,2,10,4,1,6
55,No,Travel_Rarely,1117,Sales,18,5,Life Sciences,1,597,1,child,83,3,4,Manager,2,Single,16835,9873,3,Y,No,23,4,4,80,0,37,2,3,10,9,7,7
45,No,Non-Travel,1052,Sales,6,3,Medical,1,302,4,Female,57,2,3,Sales Executive,4,Single,8865,16840,6,Y,No,12,3,4,80,0,23,2,3,19,7,12,8
56,No,Travel_Rarely,832,Research & Development,9,3,Medical,1,762,3,Male,81,3,4,Healthcare Representative,4,Married,11103,20420,7,Y,No,11,3,3,80,0,30,1,2,10,7,1,1
41,No,Travel_Frequently,857,Research & Development,10,3,Life Sciences,1,199,4,Male,91,2,4,Manager,1,Divorced,17181,12888,4,Y,No,13,3,2,80,1,21,2,2,7,6,7,7
26,Yes,Travel_Rarely,1357,Research & Development,25,3,Life Sciences,1,55,1,Male,48,1,1,Laboratory Technician,3,Single,2293,10558,1,Y,No,12,3,3,80,0,1,2,2,1,0,0,1
31,Yes,Travel_Frequently,667,Sales,1,4,Life Sciences,1,1427,2,Female,50,1,1,Sales Representative,3,Single,1359,16154,1,Y,No,12,3,2,80,0,1,3,3,1,0,0,0
41,Yes,Travel_Rarely,1102,Sales,1,2,Life Sciences,1,1,2,Female,94,3,2,Sales Executive,4,Single,5993,19479,8,Y,Yes,11,3,1,80,0,8,0,1,6,4,0,5
42,No,Travel_Rarely,469,Research & Development,2,2,Medical,1,1109,4,Male,35,3,4,Manager,1,Married,17665,14399,0,Y,No,17,3,4,80,1,23,3,3,22,6,13,7
53,No,Travel_Rarely,1223,Research & Development,7,2,Medical,1,1201,4,Female,50,3,5,Manager,3,Divorced,18606,18640,3,Y,No,18,3,2,80,1,26,6,3,7,7,4,7
36,No,Travel_Rarely,335,Sales,17,2,Marketing,1,1908,3,Male,33,2,2,Sales Executive,2,Married,5507,16822,2,Y,No,16,3,3,80,2,12,1,1,4,2,1,3
30,Yes,Travel_Frequently,600,Human Resources,8,3,Human Resources,1,1747,3,Female,66,2,1,Human Resources,4,Divorced,2180,9732,6,Y,No,11,3,3,80,1,6,0,2,4,2,1,2
34,No,Travel_Rarely,479,Research & Development,7,4,Medical,1,1577,1,Male,35,3,1,Research Scientist,4,Single,2972,22061,1,Y,No,13,3,3,80,0,1,4,1,1,0,0,0
33,Yes,Travel_Rarely,603,Sales,9,4,Marketing,1,1157,1,child,77,3,2,Sales Executive,1,Single,8224,18385,0,Y,Yes,17,3,1,80,0,6,3,3,5,2,0,3
34,No,Travel_Rarely,216,Sales,1,4,Marketing,1,1047,2,Male,75,4,2,Sales Executive,4,Divorced,9725,12278,0,Y,No,11,3,4,80,1,16,2,2,15,1,0,9
50,Yes,Travel_Frequently,878,Sales,1,4,Life Sciences,1,2044,2,Male,94,3,2,Sales Executive,3,Divorced,6728,14255,7,Y,No,12,3,4,80,2,12,3,3,6,3,0,1
48,No,Travel_Rarely,1224,Research & Development,10,3,Life Sciences,1,1867,4,Male,91,2,5,Research Director,2,Married,19665,13583,4,Y,No,12,3,4,80,0,29,3,3,22,10,12,9
47,No,Travel_Rarely,1482,Research & Development,5,5,Life Sciences,1,447,4,Male,42,3,5,Research Director,3,Married,18300,16375,4,Y,No,11,3,2,80,1,21,2,3,3,2,1,1
55,No,Travel_Rarely,836,Research & Development,8,3,Medical,1,84,4,Female,33,3,4,Manager,3,Divorced,14756,19730,2,Y,Yes,14,3,3,80,3,21,2,3,5,0,0,2
20,No,Travel_Rarely,727,Sales,9,1,Life Sciences,1,1680,4,Male,54,3,1,Sales Representative,1,Single,2728,21082,1,Y,No,11,3,1,80,0,2,3,3,2,2,0,2
37,No,Travel_Rarely,309,Sales,10,4,Life Sciences,1,1105,4,Female,88,2,2,Sales Executive,4,Divorced,6694,24223,2,Y,Yes,14,3,3,80,3,8,5,3,1,0,0,0
26,No,Travel_Rarely,933,Sales,1,3,Life Sciences,1,476,3,Male,57,3,2,Sales Executive,3,Married,5296,20156,1,Y,No,17,3,2,80,1,8,3,3,8,7,7,7
25,No,Travel_Rarely,1280,Research & Development,7,1,Medical,1,143,4,Male,64,2,1,Research Scientist,4,Married,2889,26897,1,Y,No,11,3,3,80,2,2,2,3,2,2,2,1
58,Yes,Travel_Rarely,286,Research & Development,2,4,Life Sciences,1,825,4,Male,31,3,5,Research Director,2,Single,19246,25761,7,Y,Yes,12,3,4,80,0,40,2,3,31,15,13,8
22,No,Travel_Rarely,1256,Research & Development,19,1,Medical,1,217,3,Male,80,3,1,Research Scientist,4,Married,2323,11992,1,Y,No,24,4,1,80,2,2,6,3,2,2,2,2
49,No,Travel_Rarely,1313,Sales,11,4,Marketing,1,1757,4,Female,80,3,2,Sales Executive,4,Single,4507,8191,3,Y,No,12,3,3,80,0,8,1,4,5,1,0,4
40,No,Travel_Rarely,884,Research & Development,15,3,Life Sciences,1,1628,1,Female,80,2,3,Manufacturing Director,3,Married,10435,25800,1,Y,No,13,3,4,80,2,18,2,3,18,15,14,12
29,No,Travel_Rarely,1378,Research & Development,13,2,Other,1,2053,4,Male,46,2,2,Laboratory Technician,2,Married,4025,23679,4,Y,Yes,13,3,1,80,1,10,2,3,4,3,0,3
46,No,Travel_Rarely,228,Sales,3,3,Life Sciences,1,1527,3,Female,51,3,4,Manager,2,Married,16606,11380,8,Y,No,12,3,4,80,1,23,2,4,13,12,5,1
29,No,Non-Travel,1496,Research & Development,1,1,Technical Degree,1,208,4,Male,41,3,2,Manufacturing Director,3,Married,4319,26283,1,Y,No,13,3,1,80,1,10,1,3,10,7,0,9
32,No,Non-Travel,1184,Research & Development,1,3,Life Sciences,1,951,3,Female,70,2,1,Laboratory Technician,2,Married,2332,3974,6,Y,No,20,4,3,80,0,5,3,3,3,0,0,2
33,No,Non-Travel,1038,Sales,8,1,Life Sciences,1,1044,2,child,88,2,1,Sales Representative,4,Single,2342,21437,0,Y,No,19,3,4,80,0,3,2,2,2,2,2,2
40,No,Travel_Rarely,523,Research & Development,2,3,Life Sciences,1,1346,3,Male,98,3,2,Research Scientist,4,Single,4661,22455,1,Y,No,13,3,3,80,0,9,4,3,9,8,8,8
24,No,Travel_Rarely,823,Research & Development,17,2,Other,1,643,4,Male,94,2,1,Laboratory Technician,2,Married,2127,9100,1,Y,No,21,4,4,80,1,1,2,3,1,0,0,0
39,No,Non-Travel,439,Research & Development,9,3,Life Sciences,1,1132,3,Male,70,3,2,Laboratory Technician,2,Single,6782,8770,9,Y,No,15,3,3,80,0,9,2,2,5,4,0,3
37,No,Travel_Rarely,1239,Human Resources,8,2,Other,1,1794,3,Male,89,3,2,Human Resources,2,Divorced,4071,12832,2,Y,No,13,3,3,80,0,19,4,2,10,0,4,7
34,No,Travel_Rarely,1400,Sales,9,1,Life Sciences,1,1163,2,child,70,3,2,Sales Executive,3,Married,5714,5829,1,Y,No,20,4,1,80,0,6,3,2,6,5,1,3
38,No,Travel_Rarely,343,Research & Development,15,2,Life Sciences,1,461,3,Male,92,2,3,Research Director,4,Divorced,11510,15682,0,Y,Yes,14,3,2,80,1,12,3,3,11,10,2,9
32,Yes,Travel_Rarely,1033,Research & Development,9,3,Medical,1,190,1,Female,41,3,1,Laboratory Technician,1,Single,4200,10224,7,Y,No,22,4,1,80,0,10,2,4,5,4,0,4
28,No,Travel_Rarely,640,Research & Development,1,3,Technical Degree,1,1301,4,Male,84,3,1,Research Scientist,1,Single,2080,4732,2,Y,No,11,3,2,80,0,5,2,2,3,2,1,2
36,No,Travel_Rarely,1278,Human Resources,8,3,Life Sciences,1,878,1,Male,77,2,1,Human Resources,1,Married,2342,8635,0,Y,No,21,4,3,80,0,6,3,3,5,4,0,3
34,No,Non-Travel,1375,Sales,10,3,Life Sciences,1,1774,4,Male,87,3,2,Sales Executive,3,Divorced,4001,12313,1,Y,Yes,14,3,3,80,1,15,3,3,15,14,0,7
25,No,Travel_Rarely,180,Research & Development,2,1,Medical,1,854,1,Male,65,4,1,Research Scientist,1,Single,3424,21632,7,Y,No,13,3,3,80,0,6,3,2,4,3,0,1
31,Yes,Travel_Rarely,202,Research & Development,8,3,Life Sciences,1,1433,1,child,34,2,1,Research Scientist,2,Single,1261,22262,1,Y,No,12,3,3,80,0,1,3,4,1,0,0,0
43,Yes,Travel_Frequently,807,Research & Development,17,3,Technical Degree,1,1767,3,Male,38,2,1,Research Scientist,3,Married,2437,15587,9,Y,Yes,16,3,4,80,1,6,4,3,1,0,0,0
41,No,Non-Travel,267,Sales,10,2,Life Sciences,1,599,4,Male,56,3,2,Sales Executive,4,Single,6230,13430,7,Y,No,14,3,4,80,0,16,3,3,14,3,1,10
26,Yes,Travel_Rarely,1330,Research & Development,21,3,Medical,1,1107,1,Male,37,3,1,Laboratory Technician,3,Divorced,2377,19373,1,Y,No,20,4,3,80,1,1,0,2,1,1,0,0
38,No,Travel_Rarely,1495,Research & Development,4,2,Medical,1,1687,4,Female,87,3,1,Laboratory Technician,3,Married,3306,26176,7,Y,No,19,3,4,80,1,7,5,2,0,0,0,0
23,No,Travel_Rarely,571,Research & Development,12,2,Other,1,1982,4,Male,78,3,1,Laboratory Technician,4,Single,2647,13672,1,Y,No,13,3,3,80,0,5,6,4,5,2,1,4
28,Yes,Travel_Rarely,1485,Research & Development,12,1,Life Sciences,1,1175,3,Female,79,3,1,Laboratory Technician,4,Married,2515,22955,1,Y,Yes,11,3,4,80,0,1,4,2,1,1,0,0
26,No,Travel_Rarely,1066,Research & Development,2,2,Medical,1,1018,4,Male,32,4,2,Manufacturing Director,4,Married,5472,3334,1,Y,No,12,3,2,80,0,8,2,3,8,7,1,3
33,Yes,Travel_Rarely,118,Sales,16,3,Marketing,1,819,1,Female,69,3,2,Sales Executive,1,Single,5324,26507,5,Y,No,15,3,3,80,0,6,3,3,3,2,0,2
56,Yes,Travel_Rarely,1162,Research & Development,24,2,Life Sciences,1,1907,1,Male,97,3,1,Laboratory Technician,4,Single,2587,10261,1,Y,No,16,3,4,80,0,5,3,3,4,2,1,0
53,No,Travel_Rarely,1436,Sales,6,2,Marketing,1,205,2,Male,34,3,2,Sales Representative,3,Married,2306,16047,2,Y,Yes,20,4,4,80,1,13,3,1,7,7,4,5
36,No,Travel_Rarely,676,Research & Development,1,3,Other,1,823,3,Female,35,3,2,Manufacturing Director,2,Married,5228,23361,0,Y,No,15,3,1,80,1,10,2,3,9,7,0,5
35,No,Travel_Frequently,482,Research & Development,4,4,Life Sciences,1,1350,3,Male,87,3,2,Research Scientist,3,Single,4249,2690,1,Y,Yes,11,3,2,80,0,9,3,3,9,6,1,1
20,Yes,Travel_Rarely,500,Sales,2,3,Medical,1,922,3,Female,49,2,1,Sales Representative,3,Single,2044,22052,1,Y,No,13,3,4,80,0,2,3,2,2,2,0,2
30,No,Travel_Rarely,501,Sales,27,5,Marketing,1,747,3,Male,99,3,2,Sales Executive,4,Divorced,5304,25275,7,Y,No,23,4,4,80,1,10,2,2,8,7,7,7
53,No,Travel_Rarely,661,Sales,7,2,Marketing,1,862,1,Female,78,2,3,Sales Executive,4,Married,10934,20715,7,Y,Yes,18,3,4,80,1,35,3,3,5,2,0,4
50,No,Travel_Rarely,1452,Research & Development,11,3,Life Sciences,1,226,3,Female,53,3,5,Manager,2,Single,19926,17053,3,Y,No,15,3,2,80,0,21,5,3,5,4,4,4
32,No,Travel_Rarely,638,Research & Development,8,2,Medical,1,865,3,child,91,4,2,Research Scientist,3,Married,5175,22162,5,Y,No,12,3,3,80,1,9,3,2,5,3,1,3
39,No,Travel_Rarely,412,Research & Development,13,4,Medical,1,1307,3,Female,94,2,4,Manager,2,Divorced,17123,17334,6,Y,Yes,13,3,4,80,2,21,4,3,19,9,15,2
42,No,Travel_Frequently,1271,Research & Development,2,1,Medical,1,875,2,Male,35,3,1,Research Scientist,4,Single,2515,9068,5,Y,Yes,14,3,4,80,0,8,2,3,2,1,2,2
40,No,Travel_Rarely,759,Sales,2,2,Marketing,1,516,4,Female,46,3,2,Sales Executive,2,Divorced,5715,22553,7,Y,No,12,3,3,80,2,8,5,3,5,4,1,3
52,No,Travel_Rarely,1053,Research & Development,1,2,Life Sciences,1,976,4,Male,70,3,4,Manager,4,Married,17099,13829,2,Y,No,15,3,2,80,1,26,2,2,9,8,7,8
40,No,Non-Travel,458,Research & Development,16,2,Life Sciences,1,1340,3,Male,74,3,1,Research Scientist,3,Divorced,3544,8532,9,Y,No,16,3,2,80,1,6,0,3,4,2,0,0
45,No,Non-Travel,336,Sales,26,3,Marketing,1,1612,1,child,52,2,2,Sales Executive,1,Married,4385,24162,1,Y,No,15,3,1,80,1,10,2,3,10,7,4,5
37,No,Travel_Rarely,977,Research & Development,1,3,Life Sciences,1,1196,4,Female,56,2,2,Manufacturing Director,4,Married,6474,9961,1,Y,No,13,3,2,80,1,14,2,2,14,8,3,11
41,No,Travel_Rarely,167,Research & Development,12,4,Life Sciences,1,1158,2,Male,46,3,1,Laboratory Technician,4,Married,4766,9051,3,Y,Yes,11,3,1,80,1,6,4,3,1,0,0,0
38,No,Travel_Frequently,216,Research & Development,23,3,Life Sciences,1,12,4,Male,44,2,3,Manufacturing Director,3,Single,9526,8787,0,Y,No,21,4,2,80,0,10,2,3,9,7,1,8
37,No,Travel_Rarely,1192,Research & Development,5,2,Medical,1,460,4,Male,61,3,2,Manufacturing Director,4,Divorced,6347,23177,7,Y,No,16,3,3,80,2,8,2,2,6,2,0,4
31,No,Travel_Rarely,1079,Sales,10,2,Medical,1,1912,3,child,86,3,2,Sales Executive,4,Divorced,6583,20115,2,Y,Yes,11,3,4,80,1,8,2,3,5,2,1,4
22,No,Travel_Rarely,534,Research & Development,15,3,Medical,1,144,2,Female,59,3,1,Laboratory Technician,4,Single,2871,23785,1,Y,No,15,3,3,80,0,1,5,3,0,0,0,0
39,Yes,Travel_Rarely,1122,Research & Development,6,3,Medical,1,932,4,Male,70,3,1,Laboratory Technician,1,Married,2404,4303,7,Y,Yes,21,4,4,80,0,8,2,1,2,2,2,2
19,Yes,Non-Travel,504,Research & Development,10,3,Medical,1,1248,1,Female,96,2,1,Research Scientist,2,Single,1859,6148,1,Y,Yes,25,4,2,80,0,1,2,4,1,1,0,0
28,No,Non-Travel,1103,Research & Development,16,3,Medical,1,1947,3,Male,49,3,1,Research Scientist,3,Single,2144,2122,1,Y,No,14,3,3,80,0,5,3,2,5,3,1,4
34,No,Travel_Frequently,653,Research & Development,10,4,Technical Degree,1,1597,4,Male,92,2,2,Healthcare Representative,3,Married,5063,15332,1,Y,No,14,3,2,80,1,8,3,2,8,2,7,7
33,No,Non-Travel,1283,Sales,2,3,Marketing,1,1756,4,child,62,3,2,Sales Executive,2,Single,5147,10697,8,Y,No,15,3,4,80,0,13,2,2,11,7,1,7
27,No,Travel_Frequently,1297,Research & Development,5,2,Life Sciences,1,1850,4,Female,53,3,1,Laboratory Technician,4,Single,2379,19826,0,Y,Yes,14,3,3,80,0,6,3,2,5,4,0,2
36,No,Non-Travel,1105,Research & Development,24,4,Life Sciences,1,419,2,Female,47,3,2,Laboratory Technician,2,Married,5674,6927,7,Y,No,15,3,3,80,1,11,3,3,9,8,0,8
37,No,Travel_Frequently,1278,Sales,1,4,Medical,1,1700,3,Male,31,1,2,Sales Executive,4,Divorced,9525,7677,1,Y,No,14,3,3,80,2,6,2,2,6,3,1,3
29,Yes,Travel_Rarely,805,Research & Development,1,2,Life Sciences,1,816,2,Female,36,2,1,Laboratory Technician,1,Married,2319,6689,1,Y,Yes,11,3,4,80,1,1,1,3,1,0,0,0
55,Yes,Travel_Rarely,267,Sales,13,4,Marketing,1,1372,1,child,85,4,4,Sales Executive,3,Single,13695,9277,6,Y,Yes,17,3,3,80,0,24,2,2,19,7,3,8
40,No,Travel_Rarely,616,Research & Development,2,2,Life Sciences,1,1802,3,Female,99,3,1,Laboratory Technician,1,Married,3377,25605,4,Y,No,17,3,4,80,1,7,5,2,4,3,0,2
42,No,Travel_Rarely,188,Research & Development,29,3,Medical,1,1148,2,Male,56,1,2,Laboratory Technician,4,Single,4272,9558,4,Y,No,19,3,1,80,0,16,3,3,1,0,0,0
26,No,Travel_Frequently,575,Research & Development,1,2,Life Sciences,1,792,1,Female,71,1,1,Laboratory Technician,4,Divorced,4364,5288,3,Y,No,14,3,1,80,1,5,2,3,2,2,2,0
31,No,Travel_Rarely,1274,Research & Development,9,1,Life Sciences,1,581,3,Male,33,3,3,Manufacturing Director,2,Divorced,10648,14394,1,Y,No,25,4,4,80,1,13,6,4,13,8,0,8
28,No,Non-Travel,280,Human Resources,1,2,Life Sciences,1,1858,3,Male,43,3,1,Human Resources,4,Divorced,2706,10494,1,Y,No,15,3,2,80,1,3,2,3,3,2,2,2
50,No,Travel_Rarely,1464,Research & Development,2,4,Medical,1,1061,2,Male,62,3,5,Research Director,3,Married,19237,12853,2,Y,Yes,11,3,4,80,1,29,2,2,8,1,7,7
31,No,Travel_Rarely,1003,Sales,5,3,Technical Degree,1,1749,1,Male,51,3,2,Sales Executive,3,Married,8346,20943,1,Y,No,19,3,3,80,1,6,3,3,5,2,0,2
38,No,Travel_Rarely,1380,Research & Development,9,2,Life Sciences,1,245,3,Female,75,3,1,Laboratory Technician,4,Single,2288,6319,1,Y,No,12,3,3,80,0,2,3,3,2,2,2,1
57,No,Travel_Rarely,210,Sales,29,3,Marketing,1,568,1,Male,56,2,4,Manager,4,Divorced,14118,22102,3,Y,No,12,3,3,80,1,32,3,2,1,0,0,0
34,No,Travel_Rarely,1130,Research & Development,3,3,Life Sciences,1,1658,4,Female,66,3,2,Research Scientist,2,Divorced,5433,19332,1,Y,No,12,3,3,80,1,11,2,3,11,8,7,9
36,Yes,Travel_Rarely,318,Research & Development,9,3,Medical,1,90,4,Male,79,2,1,Research Scientist,3,Married,3388,21777,0,Y,Yes,17,3,1,80,1,2,0,2,1,0,0,0
56,No,Travel_Rarely,1400,Research & Development,7,3,Life Sciences,1,112,4,Male,49,1,3,Manufacturing Director,4,Single,7260,21698,4,Y,No,11,3,1,80,0,37,3,2,6,4,0,2
50,No,Travel_Rarely,264,Sales,9,3,Marketing,1,1591,3,Male,59,3,5,Manager,3,Married,19331,19519,4,Y,Yes,16,3,3,80,1,27,2,3,1,0,0,0
27,No,Non-Travel,1450,Research & Development,3,3,Medical,1,224,3,child,79,2,1,Research Scientist,3,Divorced,2566,25326,1,Y,Yes,15,3,4,80,1,1,2,2,1,1,0,1
38,No,Travel_Rarely,437,Sales,16,3,Life Sciences,1,1583,2,child,90,3,2,Sales Executive,2,Single,4198,16379,2,Y,No,12,3,2,80,0,8,5,4,3,2,1,2
46,Yes,Travel_Rarely,669,Sales,9,2,Medical,1,118,3,Male,64,2,3,Sales Executive,4,Single,9619,13596,1,Y,No,16,3,4,80,0,9,3,3,9,8,4,7
35,No,Travel_Frequently,146,Research & Development,2,4,Medical,1,1704,1,Male,79,2,1,Research Scientist,4,Single,4930,13970,0,Y,Yes,14,3,3,80,0,6,2,4,5,4,1,4
34,Yes,Non-Travel,1362,Sales,19,3,Marketing,1,502,1,Male,67,4,2,Sales Executive,4,Single,5304,4652,8,Y,Yes,13,3,2,80,0,9,3,2,5,2,0,4
28,No,Travel_Frequently,791,Research & Development,1,4,Medical,1,1286,4,Male,44,3,1,Laboratory Technician,3,Single,2154,6842,0,Y,Yes,11,3,3,80,0,5,2,2,4,2,0,2
30,No,Travel_Rarely,1092,Research & Development,10,3,Medical,1,1816,1,Female,64,3,3,Manufacturing Director,3,Single,9667,2739,9,Y,No,14,3,2,80,0,9,3,3,7,7,0,2
36,Yes,Travel_Rarely,660,Research & Development,15,3,Other,1,1052,1,Male,81,3,2,Laboratory Technician,3,Divorced,4834,7858,7,Y,No,14,3,2,80,1,9,3,2,1,0,0,0
27,No,Travel_Rarely,1354,Research & Development,2,4,Technical Degree,1,1931,2,Male,41,3,1,Research Scientist,2,Married,2226,6073,1,Y,No,11,3,3,80,1,6,3,2,5,3,1,2
34,No,Non-Travel,1381,Sales,4,4,Marketing,1,523,3,child,72,3,2,Sales Executive,3,Married,6538,12740,9,Y,No,15,3,1,80,1,6,3,3,3,2,1,2
38,No,Travel_Rarely,268,Research & Development,2,5,Medical,1,773,4,Male,92,3,1,Research Scientist,3,Married,3057,20471,6,Y,Yes,13,3,2,80,1,6,0,1,1,0,0,1
28,No,Travel_Rarely,736,Sales,26,3,Life Sciences,1,1387,3,Male,48,2,2,Sales Executive,1,Married,4724,24232,1,Y,No,11,3,3,80,1,5,0,3,5,3,0,4
40,No,Travel_Rarely,1416,Research & Development,2,2,Medical,1,352,1,Male,49,3,5,Research Director,3,Divorced,19436,5949,0,Y,No,19,3,4,80,1,22,5,3,21,7,3,9
38,No,Travel_Rarely,702,Sales,1,4,Life Sciences,1,230,1,Female,59,2,2,Sales Executive,4,Single,8686,12930,4,Y,No,22,4,3,80,0,12,2,4,8,3,0,7
53,No,Travel_Rarely,1070,Research & Development,3,4,Medical,1,386,3,child,45,3,4,Research Director,3,Married,17584,21016,3,Y,Yes,16,3,4,80,3,21,5,2,5,3,1,3
27,No,Travel_Rarely,1167,Research & Development,4,2,Life Sciences,1,1259,1,Male,76,3,1,Research Scientist,3,Divorced,2517,3208,1,Y,No,11,3,2,80,3,5,2,3,5,3,0,3
46,No,Travel_Rarely,706,Research & Development,2,2,Life Sciences,1,1857,4,Male,82,3,3,Manufacturing Director,4,Divorced,8578,19989,3,Y,No,14,3,3,80,1,12,4,2,9,8,4,7
35,Yes,Travel_Frequently,662,Sales,18,4,Marketing,1,1380,4,child,67,3,2,Sales Executive,3,Married,4614,23288,0,Y,Yes,18,3,3,80,1,5,0,2,4,2,3,2
34,No,Non-Travel,1065,Sales,23,4,Marketing,1,60,2,Male,72,3,2,Sales Executive,3,Single,4568,10034,0,Y,No,20,4,3,80,0,10,2,3,9,5,8,7
47,No,Travel_Rarely,983,Research & Development,2,2,Medical,1,574,1,Female,65,3,2,Manufacturing Director,4,Divorced,5070,7389,5,Y,No,13,3,3,80,3,20,2,3,5,0,0,4
36,No,Non-Travel,894,Research & Development,1,4,Medical,1,1662,4,Female,33,2,2,Manufacturing Director,3,Married,4374,15411,0,Y,No,15,3,3,80,0,4,6,3,3,2,1,2
44,No,Travel_Rarely,1459,Research & Development,10,4,Other,1,40,4,Male,41,3,2,Healthcare Representative,4,Married,6465,19121,2,Y,Yes,13,3,4,80,0,9,5,4,4,2,1,3
38,No,Travel_Frequently,148,Research & Development,2,3,Medical,1,1675,4,Female,42,2,1,Laboratory Technician,2,Single,2440,23826,1,Y,No,22,4,2,80,0,4,3,3,4,3,3,3
32,No,Travel_Rarely,929,Sales,10,3,Marketing,1,722,4,Male,55,3,2,Sales Executive,4,Single,5396,21703,1,Y,No,12,3,4,80,0,10,2,2,10,7,0,8
44,No,Travel_Rarely,921,Research & Development,2,3,Life Sciences,1,1703,3,Female,96,4,3,Healthcare Representative,4,Married,7879,14810,1,Y,Yes,19,3,2,80,1,9,2,3,8,7,6,7
26,No,Travel_Rarely,683,Research & Development,2,1,Medical,1,1407,1,Male,36,2,1,Research Scientist,4,Single,3904,4050,0,Y,No,12,3,4,80,0,5,2,3,4,3,1,1
41,No,Travel_Rarely,642,Research & Development,1,3,Life Sciences,1,1999,4,Male,76,3,1,Research Scientist,4,Married,2782,21412,3,Y,No,22,4,1,80,1,12,3,3,5,3,1,0
37,No,Travel_Rarely,783,Research & Development,7,4,Medical,1,1885,4,Male,78,3,2,Research Scientist,1,Married,4284,13588,5,Y,Yes,22,4,3,80,1,16,2,3,5,3,0,4
29,Yes,Travel_Rarely,1092,Research & Development,1,4,Medical,1,2027,1,child,36,3,1,Research Scientist,4,Married,4787,26124,9,Y,Yes,14,3,2,80,3,4,3,4,2,2,2,2
31,No,Travel_Frequently,793,Sales,20,3,Life Sciences,1,1135,3,Male,67,4,1,Sales Representative,4,Married,2791,21981,0,Y,No,12,3,1,80,1,3,4,3,2,2,2,2
22,No,Travel_Rarely,604,Research & Development,6,1,Medical,1,675,1,Male,69,3,1,Research Scientist,3,Married,2773,12145,0,Y,No,20,4,4,80,0,3,3,3,2,2,2,2
38,No,Non-Travel,1327,Sales,2,2,Life Sciences,1,361,4,Male,39,2,2,Sales Executive,4,Married,5249,19682,3,Y,No,18,3,4,80,1,13,0,3,8,7,7,5
30,No,Travel_Rarely,438,Research & Development,18,3,Life Sciences,1,194,1,Female,75,3,1,Research Scientist,3,Single,2632,23910,1,Y,No,14,3,3,80,0,5,4,2,5,4,0,4
30,Yes,Travel_Rarely,740,Sales,1,3,Life Sciences,1,1562,2,Male,64,2,2,Sales Executive,1,Married,9714,5323,1,Y,No,11,3,4,80,1,10,4,3,10,8,6,7
29,No,Travel_Rarely,469,Sales,10,3,Medical,1,1650,3,Male,42,2,2,Sales Executive,3,Single,5869,23413,9,Y,No,11,3,3,80,0,8,2,3,5,2,1,4
21,Yes,Travel_Rarely,1427,Research & Development,18,1,Other,1,923,4,Female,65,3,1,Research Scientist,4,Single,2693,8870,1,Y,No,19,3,1,80,0,1,3,2,1,0,0,0
48,No,Non-Travel,1262,Research & Development,1,4,Medical,1,1116,1,Male,35,4,4,Manager,4,Single,16885,16154,2,Y,No,22,4,3,80,0,27,3,2,5,4,2,1
54,No,Travel_Rarely,1441,Research & Development,17,3,Technical Degree,1,1013,3,Female,56,3,3,Manufacturing Director,3,Married,10739,13943,8,Y,No,11,3,3,80,1,22,2,3,10,7,0,8
34,No,Travel_Frequently,669,Research & Development,1,3,Medical,1,1184,4,Male,97,2,2,Healthcare Representative,1,Single,5343,25755,0,Y,No,20,4,3,80,0,14,3,3,13,9,4,9
25,Yes,Travel_Rarely,383,Sales,9,2,Life Sciences,1,1439,1,Male,68,2,1,Sales Representative,1,Married,4400,15182,3,Y,No,12,3,1,80,0,6,2,3,3,2,2,2
20,No,Travel_Rarely,959,Research & Development,1,3,Life Sciences,1,657,4,Female,83,2,1,Research Scientist,2,Single,2836,11757,1,Y,No,13,3,4,80,0,1,0,4,1,0,0,0
32,No,Travel_Rarely,588,Sales,8,2,Technical Degree,1,436,3,Female,65,2,2,Sales Executive,2,Married,5228,24624,1,Y,Yes,11,3,4,80,0,13,2,3,13,12,11,9
18,Yes,Travel_Rarely,230,Research & Development,3,3,Life Sciences,1,405,3,Male,54,3,1,Laboratory Technician,3,Single,1420,25233,1,Y,No,13,3,3,80,0,0,2,3,0,0,0,0
55,Yes,Travel_Rarely,725,Research & Development,2,3,Medical,1,787,4,Male,78,3,5,Manager,1,Married,19859,21199,5,Y,Yes,13,3,4,80,1,24,2,3,5,2,1,4
28,Yes,Travel_Rarely,1434,Research & Development,5,4,Technical Degree,1,65,3,Male,50,3,1,Laboratory Technician,3,Single,3441,11179,1,Y,Yes,13,3,3,80,0,2,3,2,2,2,2,2
46,No,Travel_Rarely,563,Sales,1,4,Life Sciences,1,1602,4,Male,56,4,4,Manager,1,Single,17567,3156,1,Y,No,15,3,2,80,0,27,5,1,26,0,0,12
45,No,Travel_Rarely,176,Human Resources,4,3,Life Sciences,1,1744,3,Female,56,1,3,Human Resources,3,Married,9756,6595,4,Y,No,21,4,3,80,2,9,2,4,5,0,0,3
31,No,Travel_Frequently,1125,Research & Development,1,3,Life Sciences,1,1956,4,Male,48,1,2,Research Scientist,1,Married,5003,5771,1,Y,No,21,4,2,80,0,10,6,3,10,8,8,7
47,No,Travel_Frequently,1379,Research & Development,16,4,Medical,1,987,3,child,64,4,2,Manufacturing Director,3,Divorced,5067,6759,1,Y,Yes,19,3,3,80,0,20,3,4,19,10,2,7
51,No,Travel_Rarely,684,Research & Development,6,3,Life Sciences,1,162,1,Male,51,3,5,Research Director,3,Single,19537,6462,7,Y,No,13,3,3,80,0,23,5,3,20,18,15,15
28,No,Travel_Frequently,783,Sales,1,2,Life Sciences,1,1927,3,child,42,2,2,Sales Executive,4,Married,6834,19255,1,Y,Yes,12,3,3,80,1,7,2,3,7,7,0,7
31,No,Travel_Rarely,828,Sales,2,1,Life Sciences,1,604,2,Male,77,3,2,Sales Executive,4,Single,6582,8346,4,Y,Yes,13,3,3,80,0,10,2,4,6,5,0,5
34,No,Travel_Rarely,971,Sales,1,3,Technical Degree,1,1535,4,Male,64,2,3,Sales Executive,3,Married,7083,12288,1,Y,Yes,14,3,4,80,0,10,3,3,10,9,8,6
35,No,Travel_Rarely,682,Sales,18,4,Medical,1,1945,2,Male,71,3,2,Sales Executive,1,Married,5561,15975,0,Y,No,16,3,4,80,1,6,2,1,5,3,0,4
36,No,Travel_Rarely,329,Research & Development,2,3,Life Sciences,1,501,4,Female,96,3,1,Research Scientist,3,Married,2543,11868,4,Y,No,13,3,2,80,1,6,3,3,2,2,2,2
33,No,Travel_Frequently,1296,Research & Development,6,3,Life Sciences,1,692,3,Male,30,3,2,Healthcare Representative,4,Divorced,7725,5335,3,Y,No,23,4,3,80,1,15,2,1,13,11,4,7
43,No,Travel_Rarely,990,Research & Development,27,3,Technical Degree,1,1599,4,child,87,4,1,Laboratory Technician,2,Divorced,4876,5855,5,Y,No,12,3,3,80,1,8,0,3,6,4,0,2
31,No,Travel_Rarely,326,Sales,8,2,Life Sciences,1,1453,1,child,31,3,3,Sales Executive,4,Divorced,10793,8386,1,Y,No,18,3,1,80,1,13,5,3,13,7,9,9
33,No,Travel_Rarely,1069,Research & Development,1,3,Life Sciences,1,969,2,Female,42,2,2,Healthcare Representative,4,Single,6949,12291,0,Y,No,14,3,1,80,0,6,3,3,5,0,1,4
48,No,Travel_Rarely,715,Research & Development,1,3,Life Sciences,1,1263,4,Male,76,2,5,Research Director,4,Single,18265,8733,6,Y,No,12,3,3,80,0,25,3,4,1,0,0,0
29,No,Travel_Rarely,1328,Research & Development,2,3,Life Sciences,1,94,3,Male,76,3,1,Research Scientist,2,Married,2703,4956,0,Y,No,23,4,4,80,1,6,3,3,5,4,0,4
43,No,Travel_Frequently,1082,Research & Development,27,3,Life Sciences,1,1126,3,Female,83,3,3,Manufacturing Director,1,Married,10820,11535,8,Y,No,11,3,3,80,1,18,1,3,8,7,0,1
58,Yes,Travel_Rarely,601,Research & Development,7,4,Medical,1,1360,3,Female,53,2,3,Manufacturing Director,1,Married,10008,12023,7,Y,Yes,14,3,4,80,0,31,0,2,10,9,5,9
37,No,Non-Travel,728,Research & Development,1,4,Medical,1,380,1,Female,80,3,3,Research Director,4,Divorced,13603,11677,2,Y,Yes,18,3,1,80,2,15,2,3,5,2,0,2
