Age,Attrition,BusinessTravel,DailyRate,Department,DistanceFromHome,Education,EducationField,EmployeeCount,EmployeeNumber,EnvironmentSatisfaction,Gender,HourlyRate,JobInvolvement,JobLevel,JobRole,JobSatisfaction,MaritalStatus,MonthlyIncome,MonthlyRate,NumCompaniesWorked,Over18,OverTime,PercentSalaryHike,PerformanceRating,RelationshipSatisfaction,StandardHours,StockOptionLevel,TotalWorkingYears,TrainingTimesLastYear,WorkLifeBalance,YearsAtCompany,YearsInCurrentRole,YearsSinceLastPromotion,YearsWithCurrManager
32,No,Travel_Rarely,117,Sales,13,4,Life Sciences,1,859,2,Male,73,3,2,Sales Executive,4,Divorced,4403,9250,2,Y,No,11,3,3,80,1,8,3,2,5,2,0,3
27,No,Travel_Frequently,472,Research & Development,1,1,Technical Degree,1,274,3,Male,60,2,2,Manufacturing Director,1,Married,4298,9679,5,Y,No,19,3,3,80,1,6,1,3,2,2,2,0
46,No,Travel_Rarely,1319,Sales,3,3,Technical Degree,1,1863,1,Female,45,4,4,Sales Executive,1,Divorced,13225,7739,2,Y,No,12,3,4,80,1,25,5,3,19,17,2,8
37,No,Travel_Rarely,342,Sales,16,4,Marketing,1,868,4,Male,66,2,2,Sales Executive,3,Divorced,6334,24558,4,Y,No,19,3,4,80,2,9,2,3,1,0,0,0
35,No,Travel_Rarely,1232,Sales,16,3,Marketing,1,406,3,Male,96,3,3,Sales Executive,2,Married,8020,5100,0,Y,No,15,3,3,80,2,12,3,2,11,9,6,9
35,No,Non-Travel,1180,Research & Development,2,2,Medical,1,1804,2,Male,90,3,2,Manufacturing Director,4,Divorced,5762,24442,2,Y,No,14,3,3,80,1,15,6,3,7,7,1,7
31,No,Travel_Rarely,218,Sales,7,3,Technical Degree,1,416,2,Male,100,4,2,Sales Executive,4,Married,6929,12241,4,Y,No,11,3,2,80,1,10,3,2,8,7,7,7
50,No,Travel_Rarely,939,Research & Development,24,3,Life Sciences,1,1005,4,child,95,3,4,Manufacturing Director,3,Married,13973,4161,3,Y,Yes,18,3,4,80,1,22,2,3,12,11,1,5
56,Yes,Travel_Rarely,441,Research & Development,14,4,Life Sciences,1,161,2,Female,72,3,1,Research Scientist,2,Married,4963,4510,9,Y,Yes,18,3,1,80,3,7,2,3,5,4,4,3
35,No,Travel_Rarely,882,Sales,3,4,Life Sciences,1,984,4,Male,92,3,3,Sales Executive,4,Divorced,7823,6812,6,Y,No,13,3,2,80,1,12,2,3,10,9,0,8
32,No,Travel_Rarely,634,Research & Development,5,4,Other,1,1607,2,Female,35,4,1,Research Scientist,4,Married,3312,18783,3,Y,No,17,3,4,80,2,6,3,3,3,2,0,2
45,No,Travel_Rarely,556,Research & Development,25,2,Life Sciences,1,1888,2,child,93,2,2,Manufacturing Director,4,Married,5906,23888,0,Y,No,13,3,4,80,2,10,2,2,9,8,3,8
24,No,Non-Travel,1269,Research & Development,4,1,Life Sciences,1,888,1,Male,46,2,1,Laboratory Technician,4,Married,3162,10778,0,Y,No,17,3,4,80,0,6,2,2,5,2,3,4
34,No,Travel_Frequently,829,Research & Development,15,3,Medical,1,1485,2,Male,71,3,4,Research Director,1,Divorced,17007,11929,7,Y,No,14,3,4,80,2,16,3,2,14,8,6,9
31,No,Travel_Rarely,192,Research & Development,2,4,Life Sciences,1,426,3,child,32,3,1,Research Scientist,4,Divorced,2695,7747,0,Y,Yes,18,3,2,80,1,3,2,1,2,2,2,2
33,No,Travel_Frequently,1303,Research & Development,7,2,Life Sciences,1,1970,4,child,36,3,2,Healthcare Representative,3,Divorced,5968,18079,1,Y,No,20,4,3,80,3,9,2,3,9,7,2,8
55,No,Travel_Rarely,692,Research & Development,14,4,Medical,1,254,3,Male,61,4,5,Research Director,2,Single,18722,13339,8,Y,No,11,3,4,80,0,36,3,3,24,15,2,15
46,No,Travel_Rarely,526,Sales,1,2,Marketing,1,244,2,child,92,3,3,Sales Executive,1,Divorced,10453,2137,1,Y,No,25,4,3,80,3,24,2,3,24,13,15,7
49,No,Travel_Rarely,1245,Research & Development,18,4,Life Sciences,1,638,4,Male,58,2,5,Research Director,3,Divorced,19502,2125,1,Y,Yes,17,3,3,80,1,31,5,3,31,9,0,9
35,Yes,Travel_Rarely,622,Research & Development,14,4,Other,1,1010,3,Male,39,2,1,Laboratory Technician,2,Divorced,3743,10074,1,Y,Yes,24,4,4,80,1,5,2,1,4,2,0,2
21,No,Travel_Rarely,391,Research & Development,15,2,Life Sciences,1,30,3,Male,96,3,1,Research Scientist,4,Single,1232,19281,1,Y,No,14,3,4,80,0,0,6,3,0,0,0,0
50,No,Non-Travel,881,Research & Development,2,4,Life Sciences,1,905,1,Male,98,3,4,Manager,1,Divorced,17924,4544,1,Y,No,11,3,4,80,1,31,3,3,31,6,14,7
40,No,Travel_Rarely,543,Research & Development,1,4,Life Sciences,1,2012,1,Male,83,3,1,Laboratory Technician,4,Married,2406,4060,8,Y,No,19,3,3,80,2,8,3,2,1,0,0,0
34,No,Travel_Rarely,167,Research & Development,8,5,Life Sciences,1,775,2,Female,32,3,2,Manufacturing Director,1,Divorced,5121,4187,3,Y,No,14,3,3,80,1,7,3,3,0,0,0,0
35,No,Travel_Rarely,662,Sales,1,5,Marketing,1,204,3,Male,94,3,3,Sales Executive,2,Married,7295,11439,1,Y,No,13,3,1,80,2,10,3,3,10,8,0,6
42,No,Travel_Frequently,1474,Research & Development,5,2,Other,1,591,2,child,97,3,1,Laboratory Technician,3,Married,2093,9260,4,Y,No,17,3,4,80,1,8,4,3,2,2,2,0
29,No,Travel_Rarely,1252,Research & Development,23,2,Life Sciences,1,824,3,Male,81,4,1,Research Scientist,3,Married,2700,23779,1,Y,No,24,4,3,80,1,10,3,3,10,7,0,7
47,No,Travel_Rarely,983,Research & Development,2,2,Medical,1,574,1,Female,65,3,2,Manufacturing Director,4,Divorced,5070,7389,5,Y,No,13,3,3,80,3,20,2,3,5,0,0,4
32,No,Travel_Rarely,801,Sales,1,4,Marketing,1,2016,3,Female,48,3,3,Sales Executive,4,Married,10422,24032,1,Y,No,19,3,3,80,2,14,3,3,14,10,5,7
28,No,Travel_Rarely,1179,Research & Development,19,4,Medical,1,1216,4,Male,78,2,1,Laboratory Technician,1,Married,3196,12449,1,Y,No,12,3,3,80,3,6,2,3,6,5,3,3
34,No,Travel_Rarely,1400,Sales,9,1,Life Sciences,1,1163,2,child,70,3,2,Sales Executive,3,Married,5714,5829,1,Y,No,20,4,1,80,0,6,3,2,6,5,1,3
44,No,Travel_Frequently,602,Human Resources,1,5,Human Resources,1,1642,1,Male,37,3,2,Human Resources,4,Married,5743,10503,4,Y,Yes,11,3,3,80,0,14,3,3,10,7,0,2
51,No,Travel_Rarely,1302,Research & Development,2,3,Medical,1,408,4,Male,84,1,2,Manufacturing Director,2,Divorced,5482,16321,5,Y,No,18,3,4,80,1,13,3,3,4,1,1,2
31,No,Travel_Rarely,1082,Research & Development,1,4,Medical,1,95,3,Male,87,3,1,Research Scientist,2,Single,2501,18775,1,Y,No,17,3,2,80,0,1,4,3,1,1,1,0
53,No,Travel_Rarely,447,Research & Development,2,3,Medical,1,1472,4,Male,39,4,4,Research Director,2,Single,16598,19764,4,Y,No,12,3,2,80,0,35,2,2,9,8,8,8
26,No,Travel_Rarely,1355,Human Resources,25,1,Life Sciences,1,177,3,Female,61,3,1,Human Resources,3,Married,2942,8916,1,Y,No,23,4,4,80,1,8,3,3,8,7,5,7
55,No,Travel_Rarely,1229,Research & Development,4,4,Life Sciences,1,1501,4,Male,30,3,2,Healthcare Representative,3,Married,4035,16143,0,Y,Yes,16,3,2,80,0,4,2,3,3,2,1,2
59,No,Non-Travel,1420,Human Resources,2,4,Human Resources,1,140,3,Female,32,2,5,Manager,4,Married,18844,21922,9,Y,No,21,4,4,80,1,30,3,3,3,2,2,2
18,No,Non-Travel,287,Research & Development,5,2,Life Sciences,1,1012,2,Male,73,3,1,Research Scientist,4,Single,1051,13493,1,Y,No,15,3,4,80,0,0,2,3,0,0,0,0
29,No,Travel_Rarely,1247,Sales,20,2,Marketing,1,349,4,Male,45,3,2,Sales Executive,4,Divorced,6931,10732,2,Y,No,14,3,4,80,1,10,2,3,3,2,0,2
54,No,Travel_Rarely,157,Research & Development,10,3,Medical,1,1980,3,Female,77,3,2,Manufacturing Director,1,Single,4440,25198,6,Y,Yes,19,3,4,80,0,9,3,3,5,2,1,4
30,No,Travel_Rarely,855,Sales,7,4,Marketing,1,1428,4,child,73,3,2,Sales Executive,1,Divorced,4779,12761,7,Y,No,14,3,2,80,2,8,3,3,3,2,0,2
42,No,Travel_Rarely,622,Research & Development,2,4,Life Sciences,1,659,3,Female,81,3,2,Healthcare Representative,4,Married,4089,5718,1,Y,No,13,3,2,80,2,10,4,3,10,2,2,2
31,No,Travel_Rarely,691,Research & Development,5,4,Technical Degree,1,423,3,Male,86,3,1,Research Scientist,4,Married,4821,10077,0,Y,Yes,12,3,3,80,1,6,4,3,5,2,0,3
47,Yes,Travel_Frequently,1093,Sales,9,3,Life Sciences,1,1716,3,Male,82,1,4,Sales Executive,3,Married,12936,24164,7,Y,No,11,3,3,80,0,25,3,1,23,5,14,10
46,No,Travel_Frequently,1034,Research & Development,18,1,Medical,1,624,1,Female,86,3,3,Healthcare Representative,3,Married,10527,8984,5,Y,No,11,3,4,80,0,28,3,2,2,2,1,2
33,No,Travel_Rarely,217,Sales,10,4,Marketing,1,1924,2,child,43,3,2,Sales Executive,3,Single,5487,10410,1,Y,No,14,3,2,80,0,10,2,2,10,4,0,9
19,Yes,Travel_Rarely,528,Sales,22,1,Marketing,1,167,4,Male,50,3,1,Sales Representative,3,Single,1675,26820,1,Y,Yes,19,3,4,80,0,0,2,2,0,0,0,0
27,No,Travel_Rarely,486,Research & Development,8,3,Medical,1,1647,2,Female,86,4,1,Research Scientist,3,Married,3517,22490,7,Y,No,17,3,1,80,0,5,0,3,3,2,0,2
24,No,Travel_Rarely,477,Research & Development,24,3,Medical,1,1173,4,Male,49,3,1,Laboratory Technician,2,Single,3597,6409,8,Y,No,22,4,4,80,0,6,2,3,4,3,1,2
40,No,Travel_Rarely,369,Research & Development,8,2,Life Sciences,1,1724,2,Female,92,3,2,Manufacturing Director,1,Married,6516,5041,2,Y,Yes,16,3,2,80,1,18,3,3,1,0,0,0
44,No,Travel_Frequently,1193,Research & Development,2,1,Medical,1,1496,2,Male,86,3,3,Manufacturing Director,3,Single,10209,19719,5,Y,Yes,18,3,2,80,0,16,2,2,2,2,2,2
38,No,Travel_Rarely,397,Research & Development,2,2,Medical,1,1638,4,Female,54,2,3,Manufacturing Director,3,Married,7756,14199,3,Y,Yes,19,3,4,80,1,10,6,4,5,4,0,2
29,No,Travel_Rarely,441,Research & Development,8,1,Other,1,1544,3,Female,39,1,2,Healthcare Representative,1,Married,9715,7288,3,Y,No,13,3,3,80,1,9,3,3,7,7,0,7
35,No,Travel_Rarely,185,Research & Development,23,4,Medical,1,1826,2,Male,91,1,1,Laboratory Technician,3,Married,2705,9696,0,Y,No,16,3,2,80,1,6,2,4,5,4,0,3
38,No,Travel_Frequently,1186,Research & Development,3,4,Other,1,1060,3,Male,44,3,1,Research Scientist,3,Married,2821,2997,3,Y,No,16,3,1,80,1,8,2,3,2,2,2,2
23,No,Travel_Rarely,507,Research & Development,20,1,Life Sciences,1,1533,1,Male,97,3,2,Laboratory Technician,3,Single,2272,24812,0,Y,No,14,3,2,80,0,5,2,3,4,3,1,2
32,No,Travel_Rarely,646,Research & Development,9,4,Life Sciences,1,679,1,child,92,3,2,Research Scientist,4,Married,6322,18089,1,Y,Yes,12,3,4,80,1,6,2,2,6,4,0,5
39,No,Travel_Frequently,1218,Research & Development,1,1,Life Sciences,1,531,2,Male,52,3,5,Manager,3,Divorced,19197,8213,1,Y,Yes,14,3,3,80,1,21,3,3,21,8,1,6
58,No,Travel_Rarely,1272,Research & Development,5,3,Technical Degree,1,940,3,Female,37,2,3,Healthcare Representative,2,Divorced,10552,9255,2,Y,Yes,13,3,4,80,1,24,3,3,6,0,0,4
34,No,Travel_Frequently,560,Research & Development,1,4,Other,1,1431,4,Male,91,3,1,Research Scientist,1,Divorced,2996,20284,5,Y,No,14,3,3,80,2,10,2,3,4,3,1,3
27,No,Travel_Rarely,1157,Research & Development,17,3,Technical Degree,1,233,3,Male,51,3,1,Research Scientist,2,Married,3058,13364,0,Y,Yes,16,3,4,80,1,6,3,2,5,2,1,1
29,No,Travel_Frequently,461,Research & Development,1,3,Life Sciences,1,1753,4,Male,70,4,2,Healthcare Representative,3,Single,6294,23060,8,Y,Yes,12,3,4,80,0,10,5,4,3,2,0,2
45,No,Non-Travel,336,Sales,26,3,Marketing,1,1612,1,child,52,2,2,Sales Executive,1,Married,4385,24162,1,Y,No,15,3,1,80,1,10,2,3,10,7,4,5
32,No,Travel_Rarely,371,Sales,19,3,Life Sciences,1,1739,4,Male,80,1,3,Sales Executive,3,Married,9610,3840,3,Y,No,13,3,3,80,1,10,2,1,4,3,0,2
26,No,Travel_Rarely,1443,Sales,23,3,Marketing,1,72,3,Female,47,2,2,Sales Executive,4,Married,4157,21436,7,Y,Yes,19,3,3,80,1,5,2,2,2,2,0,0
51,No,Travel_Frequently,541,Sales,2,3,Marketing,1,1391,2,Male,52,3,3,Sales Executive,2,Married,10596,15395,2,Y,No,11,3,2,80,0,14,5,3,4,2,3,2
55,Yes,Travel_Rarely,725,Research & Development,2,3,Medical,1,787,4,Male,78,3,5,Manager,1,Married,19859,21199,5,Y,Yes,13,3,4,80,1,24,2,3,5,2,1,4
47,No,Travel_Rarely,359,Research & Development,2,4,Medical,1,1443,1,child,82,3,4,Research Director,3,Married,17169,26703,3,Y,No,19,3,2,80,2,26,2,4,20,17,5,6
42,No,Travel_Rarely,201,Research & Development,1,4,Life Sciences,1,517,2,Female,95,3,1,Laboratory Technician,1,Divorced,2576,20490,3,Y,No,16,3,2,80,1,8,5,3,5,2,1,2
18,Yes,Travel_Rarely,230,Research & Development,3,3,Life Sciences,1,405,3,Male,54,3,1,Laboratory Technician,3,Single,1420,25233,1,Y,No,13,3,3,80,0,0,2,3,0,0,0,0
38,No,Travel_Rarely,322,Sales,7,2,Medical,1,382,1,Female,44,4,2,Sales Executive,1,Divorced,5605,19191,1,Y,Yes,24,4,3,80,1,8,3,3,8,0,7,7
27,No,Travel_Rarely,728,Sales,23,1,Medical,1,1864,2,Female,36,2,2,Sales Representative,3,Married,3540,7018,1,Y,No,21,4,4,80,1,9,5,3,9,8,5,8
60,No,Travel_Rarely,1179,Sales,16,4,Marketing,1,732,1,Male,84,3,2,Sales Executive,1,Single,5405,11924,8,Y,No,14,3,4,80,0,10,1,3,2,2,2,2
52,No,Travel_Frequently,890,Research & Development,25,4,Medical,1,867,3,Female,81,2,4,Manufacturing Director,4,Married,13826,19028,3,Y,No,22,4,3,80,0,31,3,3,9,8,0,0
50,No,Travel_Frequently,1115,Research & Development,1,3,Life Sciences,1,141,1,Female,73,3,5,Research Director,2,Married,18172,9755,3,Y,Yes,19,3,1,80,0,28,1,2,8,3,0,7
37,No,Travel_Rarely,446,Research & Development,1,4,Life Sciences,1,635,2,Female,65,3,2,Manufacturing Director,2,Married,6447,15701,6,Y,No,12,3,2,80,1,8,2,2,6,5,4,3
41,No,Travel_Rarely,802,Sales,9,1,Life Sciences,1,176,3,Male,96,3,3,Sales Executive,3,Divorced,8189,21196,3,Y,Yes,13,3,3,80,1,12,2,3,9,7,0,7
24,No,Non-Travel,1092,Research & Development,9,3,Life Sciences,1,812,3,Male,60,2,1,Laboratory Technician,2,Divorced,2694,26551,1,Y,No,11,3,3,80,3,1,4,3,1,0,0,0
29,No,Travel_Rarely,1329,Research & Development,7,3,Life Sciences,1,1260,3,Male,82,3,2,Healthcare Representative,4,Divorced,6623,4204,1,Y,Yes,11,3,2,80,2,6,2,3,6,0,1,0
35,No,Travel_Rarely,1229,Research & Development,8,1,Life Sciences,1,63,4,Male,36,4,1,Laboratory Technician,4,Married,2269,4892,1,Y,No,19,3,4,80,0,1,2,3,1,0,0,1
45,No,Travel_Rarely,1329,Research & Development,2,2,Other,1,1635,4,Female,59,2,2,Manufacturing Director,4,Divorced,5770,5388,1,Y,No,19,3,1,80,2,10,3,3,10,7,3,9
38,No,Travel_Rarely,827,Research & Development,1,4,Life Sciences,1,724,2,Female,33,4,2,Healthcare Representative,4,Single,7625,19383,0,Y,No,13,3,3,80,0,10,4,2,9,7,1,8
24,No,Travel_Frequently,535,Sales,24,3,Medical,1,632,4,Male,38,3,1,Sales Representative,4,Married,2400,5530,0,Y,No,13,3,3,80,2,3,3,3,2,2,2,1
26,No,Travel_Frequently,1479,Research & Development,1,3,Life Sciences,1,384,3,Female,84,3,2,Manufacturing Director,2,Divorced,6397,26767,1,Y,No,20,4,1,80,1,6,6,1,6,5,1,4
28,No,Travel_Rarely,1217,Research & Development,1,3,Medical,1,1834,3,Female,67,3,1,Research Scientist,1,Married,3591,12719,1,Y,No,25,4,3,80,1,3,3,3,3,2,1,2
30,No,Travel_Rarely,946,Research & Development,2,3,Medical,1,833,3,Female,52,2,2,Manufacturing Director,4,Single,6877,20234,5,Y,Yes,24,4,2,80,0,12,4,2,0,0,0,0
38,No,Travel_Rarely,1035,Sales,3,4,Life Sciences,1,1036,2,Male,42,3,2,Sales Executive,4,Single,6861,4981,8,Y,Yes,12,3,3,80,0,19,1,3,1,0,0,0
44,No,Travel_Rarely,528,Human Resources,1,3,Life Sciences,1,1683,3,Female,44,3,1,Human Resources,4,Divorced,3195,4167,4,Y,Yes,18,3,1,80,3,8,2,3,2,2,2,2
41,No,Non-Travel,247,Research & Development,7,1,Life Sciences,1,1035,2,Female,55,1,5,Research Director,3,Divorced,19973,20284,1,Y,No,22,4,2,80,2,21,3,3,21,16,5,10
28,No,Travel_Rarely,1423,Research & Development,1,3,Life Sciences,1,1506,1,Male,72,2,1,Research Scientist,3,Divorced,1563,12530,1,Y,No,14,3,4,80,1,1,2,1,1,0,0,0
41,No,Travel_Rarely,549,Research & Development,7,2,Medical,1,1025,4,Female,42,3,2,Manufacturing Director,3,Single,5003,23371,6,Y,No,14,3,2,80,0,8,6,3,2,2,2,1
46,No,Travel_Rarely,644,Research & Development,1,4,Medical,1,288,4,Male,97,3,3,Healthcare Representative,1,Divorced,9396,12368,7,Y,No,16,3,3,80,1,17,3,3,4,2,0,3
55,No,Travel_Frequently,1091,Research & Development,2,1,Life Sciences,1,1096,4,Male,65,3,3,Manufacturing Director,2,Married,10976,15813,3,Y,No,18,3,2,80,1,23,4,3,3,2,1,2
45,No,Travel_Rarely,193,Research & Development,6,4,Other,1,101,4,child,52,3,3,Research Director,1,Married,13245,15067,4,Y,Yes,14,3,2,80,0,17,3,4,0,0,0,0
30,No,Travel_Rarely,153,Research & Development,8,2,Life Sciences,1,1015,2,child,73,4,3,Research Director,1,Married,11416,17802,0,Y,Yes,12,3,3,80,3,9,4,2,8,7,1,7
36,No,Travel_Rarely,506,Research & Development,3,3,Technical Degree,1,397,3,Male,30,3,2,Research Scientist,2,Single,4485,26285,4,Y,No,12,3,4,80,0,10,2,3,8,0,7,7
34,No,Travel_Rarely,285,Research & Development,29,3,Medical,1,1377,2,child,86,3,2,Laboratory Technician,3,Married,5429,17491,4,Y,No,13,3,1,80,2,10,1,3,8,7,7,7
42,No,Travel_Rarely,932,Research & Development,1,2,Life Sciences,1,827,4,Female,43,2,2,Manufacturing Director,4,Married,6062,4051,9,Y,Yes,13,3,4,80,1,8,4,3,4,3,0,2
43,No,Travel_Rarely,531,Sales,4,4,Marketing,1,1293,4,Female,56,2,3,Sales Executive,4,Single,10231,20364,3,Y,No,14,3,4,80,0,23,3,4,21,7,15,17
31,No,Non-Travel,979,Research & Development,1,4,Medical,1,308,3,child,90,1,2,Manufacturing Director,3,Married,4345,4381,0,Y,No,12,3,4,80,1,6,2,3,5,4,1,4
30,No,Travel_Rarely,125,Research & Development,9,2,Medical,1,41,4,Male,83,2,1,Laboratory Technician,3,Single,2206,16117,1,Y,No,13,3,1,80,0,10,5,3,10,0,1,8
29,No,Travel_Rarely,1370,Research & Development,3,1,Medical,1,1586,2,Male,87,3,1,Laboratory Technician,1,Single,4723,16213,1,Y,Yes,18,3,4,80,0,10,3,3,10,9,1,5
40,No,Travel_Rarely,884,Research & Development,15,3,Life Sciences,1,1628,1,Female,80,2,3,Manufacturing Director,3,Married,10435,25800,1,Y,No,13,3,4,80,2,18,2,3,18,15,14,12
29,Yes,Travel_Frequently,459,Research & Development,24,2,Life Sciences,1,1868,4,Male,73,2,1,Research Scientist,4,Single,2439,14753,1,Y,Yes,24,4,2,80,0,1,3,2,1,0,1,0
36,No,Travel_Rarely,1120,Sales,11,4,Marketing,1,2045,2,Female,100,2,2,Sales Executive,4,Married,6652,14369,4,Y,No,13,3,1,80,1,8,2,2,6,3,0,0
35,No,Travel_Rarely,619,Sales,1,3,Marketing,1,600,2,Male,85,3,2,Sales Executive,3,Married,4717,18659,9,Y,No,11,3,3,80,0,15,2,3,11,9,6,9
35,No,Travel_Rarely,464,Research & Development,4,2,Other,1,53,3,Male,75,3,1,Laboratory Technician,4,Divorced,1951,10910,1,Y,No,12,3,3,80,1,1,3,3,1,0,0,0
47,No,Travel_Rarely,465,Research & Development,1,3,Technical Degree,1,1438,1,Male,74,3,1,Research Scientist,4,Married,3420,10205,7,Y,No,12,3,3,80,1,17,2,2,6,5,1,2
45,No,Travel_Rarely,549,Research & Development,8,4,Other,1,452,4,Male,75,3,2,Research Scientist,4,Married,3697,9278,9,Y,No,14,3,1,80,2,12,3,3,10,9,9,8
33,Yes,Travel_Rarely,118,Sales,16,3,Marketing,1,819,1,Female,69,3,2,Sales Executive,1,Single,5324,26507,5,Y,No,15,3,3,80,0,6,3,3,3,2,0,2
31,No,Travel_Frequently,715,Sales,2,4,Other,1,1613,4,child,54,3,2,Sales Executive,1,Single,5332,21602,7,Y,No,13,3,4,80,0,10,3,3,5,2,0,3
35,No,Travel_Rarely,776,Sales,1,4,Marketing,1,100,3,Male,32,2,2,Sales Executive,1,Single,4312,23016,0,Y,No,14,3,2,80,0,16,2,3,15,13,2,8
29,No,Travel_Rarely,153,Research & Development,15,2,Life Sciences,1,15,4,Female,49,2,2,Laboratory Technician,3,Single,4193,12682,0,Y,Yes,12,3,4,80,0,10,3,3,9,5,0,8
45,No,Travel_Rarely,252,Research & Development,1,3,Other,1,336,3,Male,70,4,5,Manager,4,Married,19202,15970,0,Y,No,11,3,3,80,1,25,2,3,24,0,1,7
43,No,Travel_Frequently,422,Research & Development,1,3,Life Sciences,1,902,4,Female,33,3,2,Healthcare Representative,4,Married,5562,21782,4,Y,No,13,3,2,80,1,12,2,2,5,2,2,2
33,No,Travel_Rarely,931,Research & Development,14,3,Medical,1,252,4,Female,72,3,1,Research Scientist,2,Married,2756,4673,1,Y,No,13,3,4,80,1,8,5,3,8,7,1,6
48,No,Travel_Rarely,492,Sales,16,4,Life Sciences,1,1557,3,child,96,3,2,Sales Executive,3,Divorced,6439,13693,8,Y,No,14,3,3,80,1,18,2,3,8,7,7,7
32,No,Travel_Rarely,1018,Research & Development,3,2,Life Sciences,1,727,3,Female,39,3,3,Research Director,4,Single,11159,19373,3,Y,No,15,3,4,80,0,10,6,3,7,7,7,7
45,No,Travel_Rarely,1268,Sales,4,2,Life Sciences,1,240,3,Female,30,3,2,Sales Executive,1,Divorced,5006,6319,4,Y,Yes,11,3,1,80,1,9,3,4,5,4,0,3
26,No,Travel_Rarely,933,Sales,1,3,Life Sciences,1,476,3,Male,57,3,2,Sales Executive,3,Married,5296,20156,1,Y,No,17,3,2,80,1,8,3,3,8,7,7,7
34,No,Travel_Frequently,878,Research & Development,10,4,Medical,1,277,4,Male,43,3,1,Research Scientist,3,Divorced,3815,5972,1,Y,Yes,17,3,4,80,1,5,4,4,5,3,2,0
46,No,Travel_Rarely,168,Sales,4,2,Marketing,1,1280,4,Female,33,2,5,Manager,2,Married,18789,9946,2,Y,No,14,3,3,80,1,26,2,3,11,4,0,8
35,Yes,Travel_Frequently,130,Research & Development,25,4,Life Sciences,1,881,4,Female,96,3,1,Research Scientist,2,Divorced,2022,16612,1,Y,Yes,19,3,1,80,1,10,3,2,10,2,7,8
27,No,Travel_Rarely,1115,Research & Development,3,4,Medical,1,700,1,Male,54,2,1,Research Scientist,4,Single,2045,15174,0,Y,No,13,3,4,80,0,5,0,3,4,2,1,1
29,No,Travel_Frequently,574,Research & Development,20,1,Medical,1,1852,4,Male,40,3,1,Laboratory Technician,4,Married,3812,7003,1,Y,No,13,3,2,80,0,11,3,4,11,8,3,10
34,Yes,Travel_Frequently,658,Research & Development,7,3,Life Sciences,1,147,1,child,66,1,2,Laboratory Technician,3,Single,6074,22887,1,Y,Yes,24,4,4,80,0,9,3,3,9,7,0,6
29,No,Travel_Rarely,469,Sales,10,3,Medical,1,1650,3,Male,42,2,2,Sales Executive,3,Single,5869,23413,9,Y,No,11,3,3,80,0,8,2,3,5,2,1,4
49,No,Travel_Rarely,465,Research & Development,6,1,Life Sciences,1,1661,3,Female,41,2,4,Healthcare Representative,3,Married,13966,11652,2,Y,Yes,19,3,2,80,1,30,3,3,15,11,2,12
41,No,Travel_Frequently,857,Research & Development,10,3,Life Sciences,1,199,4,Male,91,2,4,Manager,1,Divorced,17181,12888,4,Y,No,13,3,2,80,1,21,2,2,7,6,7,7
39,No,Travel_Frequently,505,Research & Development,2,4,Technical Degree,1,343,3,child,64,3,3,Healthcare Representative,3,Single,10938,6420,0,Y,No,25,4,4,80,0,20,1,3,19,6,11,8
36,No,Travel_Frequently,1480,Research & Development,3,2,Medical,1,238,4,Male,30,3,1,Laboratory Technician,2,Single,2088,15062,4,Y,No,12,3,3,80,0,13,3,2,8,7,7,2
38,No,Travel_Frequently,216,Research & Development,23,3,Life Sciences,1,12,4,Male,44,2,3,Manufacturing Director,3,Single,9526,8787,0,Y,No,21,4,2,80,0,10,2,3,9,7,1,8
59,No,Travel_Rarely,1429,Research & Development,18,4,Medical,1,1283,4,Male,67,3,3,Manufacturing Director,4,Single,10512,20002,6,Y,No,12,3,4,80,0,25,6,2,9,7,5,4
47,No,Travel_Rarely,202,Research & Development,2,2,Other,1,820,3,Female,33,3,4,Manager,4,Married,16752,12982,1,Y,Yes,11,3,3,80,1,26,3,2,26,14,3,0
31,No,Travel_Rarely,688,Sales,7,3,Life Sciences,1,613,3,child,44,2,3,Manager,4,Divorced,11557,25291,9,Y,No,21,4,3,80,1,10,3,2,5,4,0,1
48,No,Travel_Frequently,117,Research & Development,22,3,Medical,1,1900,4,Female,58,3,4,Manager,4,Divorced,17174,2437,3,Y,No,11,3,2,80,1,24,3,3,22,17,4,7
35,No,Travel_Rarely,1402,Sales,28,4,Life Sciences,1,1554,2,Female,98,2,1,Sales Representative,3,Married,2430,26204,0,Y,No,23,4,1,80,2,6,5,3,5,3,4,2
39,No,Travel_Rarely,1498,Sales,21,4,Life Sciences,1,1390,1,Male,44,2,2,Sales Executive,4,Married,6120,3567,3,Y,Yes,12,3,4,80,2,8,2,4,5,4,1,4
34,No,Travel_Rarely,704,Sales,28,3,Marketing,1,2035,4,Female,95,2,2,Sales Executive,3,Married,6712,8978,1,Y,No,21,4,4,80,2,8,2,3,8,7,1,7
31,No,Travel_Rarely,1222,Research & Development,11,4,Life Sciences,1,895,4,Male,48,3,1,Research Scientist,4,Married,2356,14871,3,Y,Yes,19,3,2,80,1,8,2,3,6,4,0,2
41,No,Non-Travel,552,Human Resources,4,3,Human Resources,1,1722,3,Male,60,1,2,Human Resources,2,Married,6430,20794,6,Y,No,19,3,2,80,1,10,4,3,3,2,1,2
32,No,Travel_Rarely,1093,Sales,6,4,Medical,1,125,2,Male,87,3,2,Sales Executive,3,Single,5010,24301,1,Y,No,16,3,1,80,0,12,0,3,11,8,5,7
24,No,Travel_Rarely,771,Research & Development,1,2,Life Sciences,1,1981,2,Male,45,2,2,Healthcare Representative,3,Single,4617,14120,1,Y,No,12,3,2,80,0,4,2,2,4,3,1,2
50,No,Travel_Rarely,691,Research & Development,2,3,Medical,1,815,3,Male,64,3,4,Research Director,3,Married,17639,6881,5,Y,No,16,3,4,80,0,30,3,3,4,3,0,3
31,No,Travel_Frequently,798,Research & Development,7,2,Life Sciences,1,442,3,Female,48,2,3,Manufacturing Director,3,Married,8943,14034,1,Y,No,24,4,1,80,1,10,2,3,10,9,8,9
45,No,Travel_Rarely,950,Research & Development,28,3,Technical Degree,1,1546,4,Male,97,3,1,Research Scientist,4,Married,2132,4585,4,Y,No,20,4,4,80,1,8,3,3,5,4,0,3
37,No,Travel_Rarely,397,Research & Development,7,4,Medical,1,102,1,Male,30,3,3,Research Director,3,Single,13664,25258,4,Y,No,13,3,1,80,0,16,3,4,5,2,0,2
31,No,Non-Travel,1188,Sales,20,2,Marketing,1,947,4,Female,45,3,2,Sales Executive,3,Married,6932,24406,1,Y,No,13,3,4,80,1,9,2,2,9,8,0,0
52,No,Travel_Rarely,1490,Research & Development,4,2,Life Sciences,1,546,4,Female,30,3,4,Manager,4,Married,16555,10310,2,Y,No,13,3,4,80,0,31,2,1,5,2,1,4
50,No,Travel_Rarely,1322,Research & Development,28,3,Life Sciences,1,1317,4,Female,43,3,4,Research Director,1,Married,16880,22422,4,Y,Yes,11,3,2,80,0,25,2,3,3,2,1,2
39,No,Travel_Rarely,1462,Sales,6,3,Medical,1,1588,4,Male,38,4,3,Sales Executive,3,Married,8237,4658,2,Y,No,11,3,1,80,1,11,3,3,7,6,7,6
36,No,Non-Travel,1434,Sales,8,4,Life Sciences,1,789,1,Male,76,2,3,Sales Executive,1,Single,7587,14229,1,Y,No,15,3,2,80,0,10,1,3,10,7,0,9
33,No,Travel_Frequently,1111,Sales,5,1,Life Sciences,1,1395,2,Male,61,3,2,Sales Executive,4,Married,9998,19293,6,Y,No,13,3,1,80,0,8,2,4,5,4,1,2
34,No,Travel_Rarely,1346,Research & Development,19,2,Medical,1,18,2,Male,93,3,1,Laboratory Technician,4,Divorced,2661,8758,0,Y,No,11,3,3,80,1,3,2,3,2,2,1,2
50,No,Travel_Rarely,804,Research & Development,9,3,Life Sciences,1,1030,1,Male,64,3,1,Laboratory Technician,4,Married,2380,20165,4,Y,No,18,3,2,80,0,8,5,3,1,0,0,0
41,No,Travel_Rarely,933,Research & Development,9,4,Life Sciences,1,200,3,Male,94,3,1,Laboratory Technician,1,Married,2238,6961,2,Y,No,21,4,4,80,1,7,2,3,5,0,1,4
46,No,Travel_Rarely,706,Research & Development,2,2,Life Sciences,1,1857,4,Male,82,3,3,Manufacturing Director,4,Divorced,8578,19989,3,Y,No,14,3,3,80,1,12,4,2,9,8,4,7
38,No,Travel_Frequently,888,Human Resources,10,4,Human Resources,1,1563,3,Male,71,3,2,Human Resources,3,Married,6077,14814,3,Y,No,11,3,3,80,0,10,2,3,6,3,1,2
36,No,Travel_Rarely,922,Research & Development,3,2,Life Sciences,1,155,1,Female,39,3,1,Laboratory Technician,4,Divorced,2835,2561,5,Y,No,22,4,1,80,1,7,2,3,1,0,0,0
21,Yes,Travel_Frequently,756,Sales,1,1,Technical Degree,1,478,1,Female,99,2,1,Sales Representative,2,Single,2174,9150,1,Y,Yes,11,3,3,80,0,3,3,3,3,2,1,2
29,Yes,Travel_Frequently,115,Sales,13,3,Technical Degree,1,1487,1,Female,51,3,2,Sales Executive,2,Single,5765,17485,5,Y,No,11,3,1,80,0,7,4,1,5,3,0,0
21,Yes,Travel_Rarely,1334,Research & Development,10,3,Life Sciences,1,1079,3,Female,36,2,1,Laboratory Technician,1,Single,1416,17258,1,Y,No,13,3,1,80,0,1,6,2,1,0,1,0
29,Yes,Travel_Rarely,318,Research & Development,8,4,Other,1,454,2,Male,77,1,1,Laboratory Technician,1,Married,2119,4759,1,Y,Yes,11,3,4,80,0,7,4,2,7,7,0,7
31,No,Travel_Rarely,691,Sales,7,3,Marketing,1,438,4,Male,73,3,2,Sales Executive,4,Divorced,7547,7143,4,Y,No,12,3,4,80,3,13,3,3,7,7,1,7
38,No,Travel_Frequently,1394,Research & Development,8,3,Medical,1,1937,4,Female,58,2,2,Research Scientist,2,Divorced,2133,18115,1,Y,Yes,16,3,3,80,1,20,3,3,20,11,0,7
48,No,Travel_Rarely,817,Sales,2,1,Marketing,1,712,2,Male,56,4,2,Sales Executive,2,Married,8120,18597,3,Y,No,12,3,4,80,0,12,3,3,2,2,2,2
26,No,Travel_Rarely,652,Research & Development,7,3,Other,1,1417,3,Male,100,4,1,Laboratory Technician,1,Single,3578,23577,0,Y,No,12,3,4,80,0,8,2,3,7,7,0,7
42,No,Travel_Rarely,265,Sales,5,2,Marketing,1,1029,4,Male,90,3,5,Manager,3,Married,18303,7770,6,Y,No,13,3,2,80,0,21,3,4,1,0,0,0
35,No,Travel_Rarely,819,Research & Development,2,3,Life Sciences,1,1182,3,Male,44,2,3,Manufacturing Director,2,Divorced,10274,19588,2,Y,No,18,3,2,80,1,15,2,4,7,7,6,4
32,No,Travel_Rarely,638,Research & Development,8,2,Medical,1,865,3,child,91,4,2,Research Scientist,3,Married,5175,22162,5,Y,No,12,3,3,80,1,9,3,2,5,3,1,3
28,No,Travel_Rarely,1172,Sales,3,3,Medical,1,1875,2,Female,78,3,1,Sales Representative,2,Married,2856,3692,1,Y,No,19,3,4,80,1,1,3,3,1,0,0,0
40,No,Travel_Rarely,1124,Sales,1,2,Medical,1,453,2,Male,57,1,2,Sales Executive,4,Married,7457,13273,2,Y,Yes,22,4,3,80,3,6,2,2,4,3,0,2
23,No,Travel_Rarely,571,Research & Development,12,2,Other,1,1982,4,Male,78,3,1,Laboratory Technician,4,Single,2647,13672,1,Y,No,13,3,3,80,0,5,6,4,5,2,1,4
40,No,Travel_Rarely,107,Sales,10,3,Technical Degree,1,1239,2,child,84,2,2,Sales Executive,2,Divorced,6852,11591,7,Y,No,12,3,2,80,1,7,2,4,5,1,1,3
42,No,Non-Travel,179,Human Resources,2,5,Medical,1,1231,4,Male,79,4,2,Human Resources,1,Married,6272,12858,7,Y,No,16,3,1,80,1,10,3,4,4,3,0,3
35,Yes,Travel_Frequently,880,Sales,12,4,Other,1,1667,4,Male,36,3,2,Sales Executive,4,Single,4581,10414,3,Y,Yes,24,4,1,80,0,13,2,4,11,9,6,7
42,No,Travel_Rarely,635,Sales,1,1,Life Sciences,1,387,2,Male,99,3,2,Sales Executive,3,Married,4907,24532,1,Y,No,25,4,3,80,0,20,3,3,20,16,11,6
43,No,Travel_Rarely,782,Research & Development,6,4,Other,1,661,2,Male,50,2,4,Research Director,4,Divorced,16627,2671,4,Y,Yes,14,3,3,80,1,21,3,2,1,0,0,0
29,No,Non-Travel,1496,Research & Development,1,1,Technical Degree,1,208,4,Male,41,3,2,Manufacturing Director,3,Married,4319,26283,1,Y,No,13,3,1,80,1,10,1,3,10,7,0,9
32,No,Travel_Frequently,1318,Sales,10,4,Marketing,1,1853,4,Male,79,3,2,Sales Executive,4,Single,4648,26075,8,Y,No,13,3,3,80,0,4,2,4,0,0,0,0
29,No,Travel_Frequently,410,Research & Development,2,1,Life Sciences,1,1513,4,Female,97,3,1,Laboratory Technician,2,Married,3180,4668,0,Y,No,13,3,3,80,3,4,3,3,3,2,0,2
39,No,Travel_Rarely,492,Research & Development,12,3,Medical,1,1654,4,Male,66,3,2,Manufacturing Director,2,Married,5295,7693,4,Y,No,21,4,3,80,0,7,3,3,5,4,1,0
33,No,Non-Travel,750,Sales,22,2,Marketing,1,160,3,Male,95,3,2,Sales Executive,2,Married,6146,15480,0,Y,No,13,3,1,80,1,8,2,4,7,7,0,7
32,No,Travel_Frequently,379,Sales,5,2,Life Sciences,1,889,2,Male,48,3,2,Sales Executive,2,Married,6524,8891,1,Y,No,14,3,4,80,1,10,3,3,10,8,5,3
36,No,Travel_Frequently,635,Research & Development,18,1,Medical,1,286,2,Female,73,3,1,Laboratory Technician,4,Single,2153,7703,1,Y,No,13,3,1,80,0,8,2,3,8,1,1,7
54,No,Travel_Rarely,376,Research & Development,19,4,Medical,1,799,4,Female,95,3,2,Manufacturing Director,1,Divorced,5485,22670,9,Y,Yes,11,3,2,80,2,9,4,3,5,3,1,4
29,Yes,Travel_Rarely,1092,Research & Development,1,4,Medical,1,2027,1,child,36,3,1,Research Scientist,4,Married,4787,26124,9,Y,Yes,14,3,2,80,3,4,3,4,2,2,2,2
29,No,Travel_Rarely,657,Research & Development,27,3,Medical,1,793,2,Female,66,3,2,Healthcare Representative,3,Married,4335,25549,4,Y,No,12,3,1,80,1,11,3,2,8,7,1,1
32,No,Travel_Rarely,929,Sales,10,3,Marketing,1,722,4,Male,55,3,2,Sales Executive,4,Single,5396,21703,1,Y,No,12,3,4,80,0,10,2,2,10,7,0,8
45,No,Non-Travel,1050,Sales,9,4,Life Sciences,1,1117,2,Female,65,2,2,Sales Executive,3,Married,5593,17970,1,Y,No,13,3,4,80,1,15,2,3,15,10,4,12
34,No,Travel_Frequently,702,Research & Development,16,4,Life Sciences,1,838,3,Female,100,2,1,Research Scientist,4,Single,2553,8306,1,Y,No,16,3,3,80,0,6,3,3,5,2,1,3
34,No,Travel_Rarely,404,Research & Development,2,4,Technical Degree,1,1383,3,Female,98,3,2,Healthcare Representative,4,Single,6687,6163,1,Y,No,11,3,4,80,0,14,2,4,14,11,4,11
24,No,Travel_Rarely,1206,Research & Development,17,1,Medical,1,1009,4,Female,41,2,2,Manufacturing Director,3,Divorced,4377,24117,1,Y,No,15,3,2,80,2,5,6,3,4,2,3,2
30,Yes,Travel_Frequently,109,Research & Development,5,3,Medical,1,1017,2,Female,60,3,1,Laboratory Technician,2,Single,2422,25725,0,Y,No,17,3,1,80,0,4,3,3,3,2,1,2
31,No,Travel_Rarely,1154,Sales,2,2,Life Sciences,1,1996,1,Male,54,3,1,Sales Representative,3,Married,3067,6393,0,Y,No,19,3,3,80,1,3,1,3,2,2,1,2
46,No,Travel_Rarely,430,Research & Development,1,4,Medical,1,1069,4,Male,40,3,5,Research Director,4,Divorced,19627,21445,9,Y,No,17,3,4,80,2,23,0,3,2,2,2,2
59,No,Travel_Rarely,1089,Sales,1,2,Technical Degree,1,1048,2,child,66,3,3,Manager,4,Married,11904,11038,3,Y,Yes,14,3,3,80,1,14,1,1,6,4,0,4
42,No,Non-Travel,495,Research & Development,2,1,Life Sciences,1,1334,3,Male,37,3,4,Manager,3,Married,17861,26582,0,Y,Yes,13,3,4,80,0,21,3,2,20,8,2,10
47,No,Travel_Rarely,571,Sales,14,3,Medical,1,1503,3,Female,78,3,2,Sales Executive,3,Married,4591,24200,3,Y,Yes,17,3,3,80,1,11,4,2,5,4,1,2
47,Yes,Travel_Frequently,719,Sales,27,2,Life Sciences,1,785,2,Female,77,4,2,Sales Executive,3,Single,6397,10339,4,Y,Yes,12,3,4,80,0,8,2,3,5,4,1,3
34,No,Travel_Rarely,511,Sales,3,2,Life Sciences,1,1779,4,Female,32,1,2,Sales Executive,4,Single,6029,25353,5,Y,No,12,3,1,80,0,6,3,3,2,2,2,2
35,No,Non-Travel,727,Research & Development,3,3,Life Sciences,1,704,3,child,41,2,1,Laboratory Technician,3,Married,1281,16900,1,Y,No,18,3,3,80,2,1,3,3,1,0,0,0
29,No,Travel_Rarely,1082,Research & Development,9,4,Medical,1,1709,4,Female,43,3,1,Laboratory Technician,3,Married,2974,25412,9,Y,No,17,3,3,80,1,9,2,3,5,3,1,2
35,No,Travel_Rarely,384,Sales,8,4,Life Sciences,1,805,1,Female,72,3,1,Sales Representative,4,Married,2572,20317,1,Y,No,16,3,2,80,1,3,1,2,3,2,0,2
43,No,Travel_Rarely,823,Research & Development,6,3,Medical,1,1866,1,Female,81,2,5,Manager,3,Married,19392,22539,7,Y,No,13,3,4,80,0,21,2,3,16,12,6,14
25,No,Travel_Rarely,583,Sales,4,1,Marketing,1,885,3,Male,87,2,2,Sales Executive,1,Married,4256,18154,1,Y,No,12,3,1,80,0,5,1,4,5,2,0,3
44,Yes,Travel_Frequently,920,Research & Development,24,3,Life Sciences,1,392,4,Male,43,3,1,Laboratory Technician,3,Divorced,3161,19920,3,Y,Yes,22,4,4,80,1,19,0,1,1,0,0,0
35,No,Travel_Frequently,138,Research & Development,2,3,Medical,1,269,2,Female,37,3,2,Laboratory Technician,2,Single,4425,15986,5,Y,No,11,3,4,80,0,10,5,3,6,2,1,2
19,Yes,Travel_Rarely,419,Sales,21,3,Other,1,959,4,Male,37,2,1,Sales Representative,2,Single,2121,9947,1,Y,Yes,13,3,2,80,0,1,3,4,1,0,0,0
41,Yes,Travel_Rarely,1356,Sales,20,2,Marketing,1,248,2,child,70,3,1,Sales Representative,2,Single,3140,21728,1,Y,Yes,22,4,4,80,0,4,5,2,4,3,0,2
28,No,Travel_Rarely,821,Sales,5,4,Medical,1,916,1,Male,98,3,2,Sales Executive,4,Single,4908,24252,1,Y,No,14,3,2,80,0,4,3,3,4,2,0,2
49,No,Travel_Frequently,279,Research & Development,8,1,Life Sciences,1,2,3,Male,61,2,2,Research Scientist,2,Married,5130,24907,1,Y,No,23,4,4,80,1,10,3,3,10,7,1,7
28,No,Travel_Rarely,736,Sales,26,3,Life Sciences,1,1387,3,Male,48,2,2,Sales Executive,1,Married,4724,24232,1,Y,No,11,3,3,80,1,5,0,3,5,3,0,4
36,No,Non-Travel,894,Research & Development,1,4,Medical,1,1662,4,Female,33,2,2,Manufacturing Director,3,Married,4374,15411,0,Y,No,15,3,3,80,0,4,6,3,3,2,1,2
34,No,Travel_Frequently,653,Research & Development,10,4,Technical Degree,1,1597,4,Male,92,2,2,Healthcare Representative,3,Married,5063,15332,1,Y,No,14,3,2,80,1,8,3,2,8,2,7,7
34,No,Travel_Rarely,304,Sales,2,3,Other,1,786,4,Male,60,3,2,Sales Executive,4,Single,6274,18686,1,Y,No,22,4,3,80,0,6,5,3,6,5,1,4
33,No,Travel_Frequently,553,Research & Development,5,4,Life Sciences,1,428,4,Female,74,3,3,Manager,2,Married,11878,23364,6,Y,No,11,3,2,80,2,12,2,3,10,6,8,8
51,No,Travel_Frequently,968,Research & Development,6,2,Medical,1,1297,2,Female,40,2,1,Laboratory Technician,3,Single,2838,4257,0,Y,No,14,3,2,80,0,8,6,2,7,0,7,7
33,No,Non-Travel,1283,Sales,2,3,Marketing,1,1756,4,child,62,3,2,Sales Executive,2,Single,5147,10697,8,Y,No,15,3,4,80,0,13,2,2,11,7,1,7
41,No,Travel_Rarely,337,Sales,8,3,Marketing,1,1909,3,child,54,3,2,Sales Executive,2,Married,4393,26841,5,Y,No,21,4,3,80,1,14,3,3,5,4,1,4
46,No,Travel_Rarely,1450,Research & Development,15,2,Life Sciences,1,1217,4,child,52,3,5,Research Director,2,Married,19081,10849,5,Y,No,11,3,1,80,1,25,2,3,4,2,0,3
51,No,Travel_Rarely,1169,Research & Development,7,4,Medical,1,211,2,Male,34,2,2,Manufacturing Director,3,Married,6132,13983,2,Y,No,17,3,3,80,0,10,2,3,1,0,0,0
47,No,Travel_Rarely,207,Research & Development,9,4,Life Sciences,1,1856,2,Female,64,3,1,Laboratory Technician,3,Single,2105,5411,4,Y,No,12,3,3,80,0,7,2,3,2,2,2,0
39,No,Travel_Rarely,116,Research & Development,24,1,Life Sciences,1,2014,1,Male,52,3,2,Research Scientist,4,Single,4108,5340,7,Y,No,13,3,1,80,0,18,2,3,7,7,1,7
34,No,Travel_Rarely,1440,Sales,7,2,Technical Degree,1,1541,2,Male,55,3,1,Sales Representative,3,Married,2308,4944,0,Y,Yes,25,4,2,80,1,12,4,3,11,10,5,7
37,No,Travel_Rarely,1189,Sales,3,3,Life Sciences,1,152,3,Male,87,3,3,Sales Executive,4,Single,7428,14506,2,Y,No,12,3,1,80,0,12,3,3,5,3,1,3
34,No,Travel_Rarely,1351,Research & Development,1,4,Life Sciences,1,1580,2,Male,45,3,2,Research Scientist,4,Married,5484,13008,9,Y,No,17,3,2,80,1,9,3,2,2,2,2,1
38,No,Travel_Frequently,653,Research & Development,29,5,Life Sciences,1,79,4,Female,50,3,2,Laboratory Technician,4,Single,2406,5456,1,Y,No,11,3,4,80,0,10,2,3,10,3,9,9
32,No,Travel_Rarely,1373,Research & Development,5,4,Life Sciences,1,1966,4,Male,56,2,2,Manufacturing Director,4,Single,9679,10138,8,Y,No,24,4,2,80,0,8,1,3,1,0,0,0
36,No,Travel_Rarely,329,Research & Development,2,3,Life Sciences,1,501,4,Female,96,3,1,Research Scientist,3,Married,2543,11868,4,Y,No,13,3,2,80,1,6,3,3,2,2,2,2
57,No,Travel_Rarely,593,Research & Development,1,4,Medical,1,482,4,Male,88,3,2,Healthcare Representative,3,Married,6755,2967,2,Y,No,11,3,3,80,0,15,2,3,3,2,1,2
34,No,Non-Travel,697,Research & Development,3,4,Life Sciences,1,1115,3,Male,40,2,1,Research Scientist,4,Married,2979,22478,3,Y,No,17,3,4,80,3,6,2,3,0,0,0,0
41,No,Travel_Rarely,896,Sales,6,3,Life Sciences,1,298,4,Female,75,3,3,Manager,4,Single,13591,14674,3,Y,Yes,18,3,3,80,0,16,3,3,1,0,0,0
48,Yes,Travel_Frequently,708,Sales,7,2,Medical,1,1691,4,Female,95,3,1,Sales Representative,3,Married,2655,11740,2,Y,Yes,11,3,3,80,2,19,3,3,9,7,7,7
30,No,Non-Travel,829,Research & Development,1,1,Life Sciences,1,292,3,Male,88,2,3,Manufacturing Director,3,Single,8474,20925,1,Y,No,22,4,3,80,0,12,2,3,11,8,5,8
54,No,Travel_Rarely,685,Research & Development,3,3,Life Sciences,1,1250,4,Male,85,3,4,Research Director,4,Married,17779,23474,3,Y,No,14,3,1,80,0,36,2,3,10,9,0,9
43,No,Travel_Frequently,1082,Research & Development,27,3,Life Sciences,1,1126,3,Female,83,3,3,Manufacturing Director,1,Married,10820,11535,8,Y,No,11,3,3,80,1,18,1,3,8,7,0,1
37,No,Travel_Frequently,1278,Sales,1,4,Medical,1,1700,3,Male,31,1,2,Sales Executive,4,Divorced,9525,7677,1,Y,No,14,3,3,80,2,6,2,2,6,3,1,3
51,No,Travel_Frequently,237,Sales,9,3,Life Sciences,1,1282,4,child,83,3,5,Manager,2,Divorced,19847,19196,4,Y,Yes,24,4,1,80,1,31,5,2,29,10,11,10
28,Yes,Travel_Rarely,1485,Research & Development,12,1,Life Sciences,1,1175,3,Female,79,3,1,Laboratory Technician,4,Married,2515,22955,1,Y,Yes,11,3,4,80,0,1,4,2,1,1,0,0
25,No,Travel_Rarely,891,Sales,4,2,Life Sciences,1,527,2,Female,99,2,2,Sales Executive,4,Single,4487,12090,1,Y,Yes,11,3,2,80,0,5,3,3,5,4,1,3
43,No,Travel_Rarely,574,Research & Development,11,3,Life Sciences,1,1971,1,Male,30,3,3,Healthcare Representative,3,Married,7510,16873,1,Y,No,17,3,2,80,1,10,1,3,10,9,0,9
29,Yes,Travel_Frequently,337,Research & Development,14,1,Other,1,1421,3,Female,84,3,3,Healthcare Representative,4,Single,7553,22930,0,Y,Yes,12,3,1,80,0,9,1,3,8,7,7,7
49,No,Travel_Rarely,1098,Research & Development,4,2,Medical,1,1256,1,Male,85,2,5,Manager,3,Married,18711,12124,2,Y,No,13,3,3,80,1,23,2,4,1,0,0,0
22,Yes,Travel_Rarely,617,Research & Development,3,1,Life Sciences,1,926,2,Female,34,3,2,Manufacturing Director,3,Married,4171,10022,0,Y,Yes,19,3,1,80,1,4,3,4,3,2,0,2
31,No,Non-Travel,697,Research & Development,10,3,Medical,1,1979,3,Female,40,3,3,Research Director,3,Married,11031,26862,4,Y,No,20,4,3,80,1,13,2,4,11,7,4,8
28,Yes,Non-Travel,1366,Research & Development,24,2,Technical Degree,1,1082,2,Male,72,2,3,Healthcare Representative,1,Single,8722,12355,1,Y,No,12,3,1,80,0,10,2,2,10,7,1,9
34,No,Travel_Rarely,1157,Research & Development,5,2,Medical,1,1696,2,Male,57,2,2,Laboratory Technician,4,Married,3986,11912,1,Y,No,14,3,3,80,1,15,3,4,15,10,4,13
34,Yes,Travel_Rarely,699,Research & Development,6,1,Medical,1,31,2,Male,83,3,1,Research Scientist,1,Single,2960,17102,2,Y,No,11,3,3,80,0,8,2,3,4,2,1,3
60,No,Travel_Frequently,1499,Sales,28,3,Marketing,1,573,3,Female,80,2,3,Sales Executive,1,Married,10266,2845,4,Y,No,19,3,4,80,0,22,5,4,18,13,13,11
34,No,Travel_Rarely,1111,Sales,8,2,Life Sciences,1,808,3,Female,93,3,2,Sales Executive,1,Married,6500,13305,5,Y,No,17,3,2,80,1,6,1,3,3,2,1,2
48,No,Travel_Rarely,277,Research & Development,6,3,Life Sciences,1,1022,1,Male,97,2,2,Healthcare Representative,3,Single,4240,13119,2,Y,No,13,3,4,80,0,19,0,3,2,2,2,2
40,No,Travel_Rarely,1416,Research & Development,2,2,Medical,1,352,1,Male,49,3,5,Research Director,3,Divorced,19436,5949,0,Y,No,19,3,4,80,1,22,5,3,21,7,3,9
19,No,Travel_Rarely,645,Research & Development,9,2,Life Sciences,1,1193,3,Male,54,3,1,Research Scientist,1,Single,2552,7172,1,Y,No,25,4,3,80,0,1,4,3,1,1,0,0
33,Yes,Travel_Rarely,603,Sales,9,4,Marketing,1,1157,1,child,77,3,2,Sales Executive,1,Single,8224,18385,0,Y,Yes,17,3,1,80,0,6,3,3,5,2,0,3
32,No,Travel_Rarely,588,Sales,8,2,Technical Degree,1,436,3,Female,65,2,2,Sales Executive,2,Married,5228,24624,1,Y,Yes,11,3,4,80,0,13,2,3,13,12,11,9
42,No,Travel_Frequently,532,Research & Development,29,2,Life Sciences,1,547,1,Female,92,3,2,Research Scientist,3,Divorced,4556,12932,2,Y,No,11,3,2,80,1,19,3,3,5,4,0,2
33,No,Travel_Frequently,1296,Research & Development,6,3,Life Sciences,1,692,3,Male,30,3,2,Healthcare Representative,4,Divorced,7725,5335,3,Y,No,23,4,3,80,1,15,2,1,13,11,4,7
35,No,Travel_Frequently,636,Research & Development,4,4,Other,1,1185,4,Male,47,2,1,Laboratory Technician,4,Married,2376,26537,1,Y,No,13,3,2,80,1,2,2,4,2,2,2,2
34,No,Travel_Rarely,678,Research & Development,19,3,Life Sciences,1,1701,2,Female,35,2,1,Research Scientist,4,Married,2929,20338,1,Y,No,12,3,2,80,0,10,3,3,10,9,8,7
36,No,Travel_Rarely,172,Research & Development,4,4,Life Sciences,1,1435,1,Male,37,2,2,Laboratory Technician,4,Single,5810,22604,1,Y,No,16,3,3,80,0,10,2,2,10,4,1,8
33,Yes,Travel_Frequently,827,Research & Development,29,4,Medical,1,1101,1,Female,54,2,2,Research Scientist,3,Single,4508,3129,1,Y,No,22,4,2,80,0,14,4,3,13,7,3,8
46,No,Travel_Rarely,717,Research & Development,13,4,Life Sciences,1,1727,3,child,34,3,2,Healthcare Representative,2,Single,5562,9697,6,Y,No,14,3,4,80,0,19,3,3,10,7,0,9
46,No,Travel_Rarely,566,Research & Development,7,2,Medical,1,1007,4,Male,75,3,3,Manufacturing Director,3,Divorced,10845,24208,6,Y,No,13,3,2,80,1,13,3,3,8,7,0,7
42,No,Travel_Rarely,532,Research & Development,4,2,Technical Degree,1,319,3,Male,58,3,5,Manager,4,Married,19232,4933,1,Y,No,11,3,4,80,0,22,3,3,22,17,11,15
26,No,Travel_Rarely,703,Sales,28,2,Marketing,1,641,1,Male,66,3,2,Sales Executive,2,Married,6272,7428,1,Y,No,20,4,4,80,2,6,5,4,5,3,1,4
30,No,Travel_Rarely,1082,Sales,12,3,Technical Degree,1,533,2,Female,83,3,2,Sales Executive,3,Single,6577,19558,0,Y,No,11,3,2,80,0,6,6,3,5,4,4,4
50,No,Travel_Frequently,809,Sales,12,3,Marketing,1,174,3,Female,77,3,3,Sales Executive,4,Single,9208,6645,4,Y,No,11,3,4,80,0,16,3,3,2,2,2,1
27,No,Travel_Rarely,1134,Research & Development,16,4,Technical Degree,1,1001,3,Female,37,3,1,Laboratory Technician,2,Married,2811,12086,9,Y,No,14,3,2,80,1,4,2,3,2,2,2,2
19,Yes,Non-Travel,504,Research & Development,10,3,Medical,1,1248,1,Female,96,2,1,Research Scientist,2,Single,1859,6148,1,Y,Yes,25,4,2,80,0,1,2,4,1,1,0,0
30,No,Non-Travel,1116,Research & Development,2,3,Medical,1,571,3,Female,49,3,1,Laboratory Technician,4,Single,2564,7181,0,Y,No,14,3,3,80,0,12,2,2,11,7,6,7
36,No,Travel_Rarely,796,Research & Development,12,5,Medical,1,1073,4,Female,51,2,3,Manufacturing Director,4,Single,8858,15669,0,Y,No,11,3,2,80,0,15,2,2,14,8,7,8
48,No,Travel_Rarely,855,Research & Development,4,3,Life Sciences,1,1363,4,Male,54,3,3,Manufacturing Director,4,Single,7898,18706,1,Y,No,11,3,3,80,0,11,2,3,10,9,0,8
27,No,Travel_Rarely,1302,Research & Development,19,3,Other,1,1619,4,Male,67,2,1,Laboratory Technician,1,Divorced,4066,16290,1,Y,No,11,3,1,80,2,7,3,3,7,7,0,7
29,Yes,Travel_Rarely,896,Research & Development,18,1,Medical,1,315,3,Male,86,2,1,Research Scientist,4,Single,2389,14961,1,Y,Yes,13,3,3,80,0,4,3,2,4,3,0,1
37,No,Travel_Rarely,482,Research & Development,3,3,Other,1,689,3,Male,36,3,3,Manufacturing Director,3,Married,9434,9606,1,Y,No,15,3,3,80,1,10,2,3,10,7,7,8
46,No,Travel_Rarely,1402,Sales,2,3,Marketing,1,1204,3,child,69,3,4,Manager,1,Married,17048,24097,8,Y,No,23,4,1,80,0,28,2,3,26,15,15,9
45,No,Non-Travel,248,Research & Development,23,2,Life Sciences,1,1002,4,Male,42,3,2,Laboratory Technician,1,Married,3633,14039,1,Y,Yes,15,3,3,80,1,9,2,3,9,8,0,8
30,No,Travel_Rarely,201,Research & Development,5,3,Technical Degree,1,197,4,Female,84,3,1,Research Scientist,1,Divorced,3204,10415,5,Y,No,14,3,4,80,1,8,3,3,3,2,2,2
38,No,Travel_Rarely,345,Sales,10,2,Life Sciences,1,2041,1,Female,100,3,2,Sales Executive,4,Married,5343,5982,1,Y,No,11,3,3,80,1,10,1,3,10,7,1,9
38,No,Travel_Rarely,849,Research & Development,25,2,Life Sciences,1,421,1,Female,81,2,3,Research Director,2,Married,12061,26707,3,Y,No,17,3,3,80,1,19,2,3,10,8,0,1
40,No,Travel_Rarely,898,Human Resources,6,2,Medical,1,1550,3,Male,38,3,4,Manager,4,Single,16437,17381,1,Y,Yes,21,4,4,80,0,21,2,3,21,7,7,7
27,No,Travel_Rarely,205,Sales,10,3,Marketing,1,1403,4,Female,98,2,2,Sales Executive,4,Married,5769,7100,1,Y,Yes,11,3,4,80,0,6,3,3,6,2,4,4
25,Yes,Travel_Rarely,240,Sales,5,3,Marketing,1,142,3,Male,46,2,2,Sales Executive,3,Single,5744,26959,1,Y,Yes,11,3,4,80,0,6,1,3,6,4,0,3
35,No,Travel_Rarely,1146,Human Resources,26,4,Life Sciences,1,2040,3,Female,31,3,3,Human Resources,4,Single,8837,16642,1,Y,Yes,16,3,3,80,0,9,2,3,9,0,1,7
23,Yes,Travel_Rarely,427,Sales,7,3,Life Sciences,1,1702,3,Male,99,3,1,Sales Representative,4,Divorced,2275,25103,1,Y,Yes,21,4,2,80,1,3,2,3,3,2,0,2
29,No,Travel_Rarely,1328,Research & Development,2,3,Life Sciences,1,94,3,Male,76,3,1,Research Scientist,2,Married,2703,4956,0,Y,No,23,4,4,80,1,6,3,3,5,4,0,4
38,No,Non-Travel,152,Sales,10,3,Technical Degree,1,983,3,Female,85,3,2,Sales Executive,4,Single,5666,19899,1,Y,Yes,13,3,2,80,0,6,1,3,5,3,1,3
31,No,Travel_Rarely,140,Research & Development,12,1,Medical,1,246,3,Female,95,3,1,Research Scientist,4,Married,3929,6984,8,Y,Yes,23,4,3,80,1,7,0,3,4,2,0,2
32,Yes,Travel_Rarely,515,Research & Development,1,3,Life Sciences,1,331,4,Male,62,2,1,Laboratory Technician,3,Single,3730,9571,0,Y,Yes,14,3,4,80,0,4,2,1,3,2,1,2
44,No,Travel_Rarely,170,Research & Development,1,4,Life Sciences,1,1903,2,Male,78,4,2,Healthcare Representative,1,Married,5033,9364,2,Y,No,15,3,4,80,1,10,5,3,2,0,2,2
25,No,Travel_Rarely,1372,Sales,18,1,Life Sciences,1,1399,1,Male,93,4,2,Sales Executive,3,Married,6232,12477,2,Y,No,11,3,2,80,0,6,3,2,3,2,1,2
52,No,Non-Travel,585,Sales,29,4,Life Sciences,1,2019,1,Male,40,3,1,Sales Representative,4,Divorced,3482,19788,2,Y,No,15,3,2,80,2,16,3,2,9,8,0,0
